date,n_bars,day_range,absmove_5m,absmove_15m,absmove_30m,absmove_60m,absmove_30m_rth
2020-12-27,360,130.79999999999927,2.0,4.2,3.3,11.3,
2020-12-28,1365,127.20000000000073,1.5,3.4,4.8,6.15,5.75
2020-12-29,1365,110.0,2.0,4.7,5.0,9.35,14.8
2020-12-30,1365,89.29999999999927,2.3,4.1,4.8,4.65,8.15
2020-12-31,1005,99.5,1.8,3.15,4.0,7.15,9.3
2021-01-03,360,79.79999999999927,2.3,4.0,9.0,17.5,
2021-01-04,1365,437.2999999999993,3.4,7.1,10.3,17.25,33.75
2021-01-05,1365,267.2000000000007,5.25,11.3,17.3,18.55,16.9
2021-01-06,1365,304.7999999999993,6.75,13.2,22.4,27.9,22.8
2021-01-07,1365,318.0,4.1,7.95,10.5,14.75,13.65
2021-01-08,1005,197.79999999999927,4.1,7.1,9.6,6.05,17.6
2021-01-10,360,83.40000000000146,4.2,6.3,6.3,10.7,
2021-01-11,1365,203.0,3.5,7.6,8.7,15.65,16.8
2021-01-12,1365,191.79999999999927,3.3,5.0,6.5,8.75,26.85
2021-01-13,1365,194.20000000000073,3.7,6.9,8.0,13.7,8.25
2021-01-14,1365,159.79999999999927,3.75,6.4,9.2,13.65,9.0
2021-01-15,1005,187.70000000000073,4.7,9.25,13.5,20.9,15.85
2021-01-17,360,69.0,2.8,5.2,11.0,4.8,
2021-01-18,1140,192.0,2.2,3.2,4.2,9.4,
2021-01-19,1365,205.29999999999927,2.55,5.8,6.2,13.75,12.85
2021-01-20,1365,367.0,3.0,5.45,8.6,16.9,12.9
2021-01-21,1365,140.29999999999927,3.2,6.85,7.4,7.55,10.65
2021-01-22,1005,96.79999999999927,3.5,7.0,8.8,10.3,11.4
2021-01-24,360,95.40000000000146,1.5,3.0,2.8,15.2,
2021-01-25,1365,365.5,3.4,6.6,8.4,6.95,33.5
2021-01-26,1365,216.59999999999854,3.2,6.5,9.4,14.2,14.35
2021-01-27,1364,688.2000000000007,8.35,10.5,22.5,42.1,59.4
2021-01-28,1365,487.7999999999993,9.0,14.8,24.7,24.0,33.0
2021-01-29,1005,338.0,11.6,21.35,39.0,47.35,41.5
2021-01-31,360,229.0,6.3,8.5,20.0,33.0,
2021-02-01,1365,440.0,5.75,11.25,16.3,23.35,22.15
2021-02-02,1365,232.59999999999854,4.0,6.7,10.4,14.85,12.75
2021-02-03,1365,228.29999999999927,3.75,5.55,11.4,26.3,16.35
2021-02-04,1365,248.29999999999927,3.0,5.35,8.3,14.5,9.55
2021-02-05,1005,119.0,3.4,6.65,9.4,12.4,25.15
2021-02-07,360,82.0,2.0,3.8,5.2,15.8,
2021-02-08,1365,102.0,2.45,4.75,7.2,5.05,10.2
2021-02-09,1365,117.5,2.2,4.2,6.0,7.3,10.0
2021-02-10,1365,252.40000000000146,3.1,5.25,8.3,10.1,13.65
2021-02-11,1364,119.29999999999927,2.8,3.7,7.0,10.0,15.25
2021-02-12,1005,174.79999999999927,3.0,4.5,6.8,12.9,10.5
2021-02-14,360,56.79999999999927,1.0,1.8,2.5,4.8,
2021-02-15,1139,68.0,1.5,2.2,3.5,5.4,
2021-02-16,1365,206.5,3.0,7.0,9.0,14.25,23.25
2021-02-17,1365,242.0,3.65,7.7,14.2,15.15,22.8
2021-02-18,1365,201.5,4.0,7.2,13.3,10.2,21.3
2021-02-19,1005,194.20000000000073,4.2,7.85,12.6,17.7,25.0
2021-02-21,360,101.0,4.2,7.5,10.2,17.5,
2021-02-22,1365,352.2999999999993,5.2,10.65,15.2,26.35,28.85
2021-02-23,1365,578.5999999999985,8.7,21.15,20.7,56.0,66.25
2021-02-24,1365,382.2000000000007,7.1,12.1,17.0,31.1,31.0
2021-02-25,1365,650.7999999999993,10.3,19.8,22.4,42.4,52.5
2021-02-26,1005,427.2999999999993,14.9,27.1,42.8,52.5,61.6
2021-02-28,360,139.59999999999854,5.6,10.5,15.2,32.5,
2021-03-01,1365,293.40000000000146,4.7,10.8,10.3,14.0,19.65
2021-03-02,1365,254.79999999999927,6.0,11.85,14.7,26.2,25.25
2021-03-03,1365,680.7999999999993,6.55,12.1,21.6,18.85,65.05
2021-03-04,1365,492.5,11.5,16.4,24.0,43.6,72.5
2021-03-05,1005,490.59999999999854,12.75,16.8,28.0,36.2,64.6
2021-03-07,360,248.0,8.0,14.8,26.0,21.0,
2021-03-08,1365,434.0,9.35,19.0,32.0,25.5,52.9
2021-03-09,1365,501.0,6.6,11.55,20.3,34.55,33.35
2021-03-10,1365,290.2000000000007,6.8,13.15,18.8,33.05,31.8
2021-03-11,1365,295.40000000000146,5.5,10.7,19.8,26.65,20.3
2021-03-12,1005,300.2999999999993,7.2,11.9,22.0,38.4,22.9
2021-03-14,360,94.5,4.2,7.2,13.8,15.7,
2021-03-15,1365,256.2999999999993,4.65,7.0,11.7,15.0,23.65
2021-03-16,1365,210.0,4.25,7.2,9.8,15.1,30.35
2021-03-17,1365,336.7999999999993,5.1,9.0,13.4,21.0,33.8
2021-03-18,1365,477.0,6.4,12.2,17.7,20.5,29.1
2021-03-19,1005,216.40000000000146,7.0,11.25,16.5,24.0,21.55
2021-03-21,360,126.5,4.3,7.6,9.2,22.7,
2021-03-22,1365,287.0,3.7,6.85,14.2,15.1,20.85
2021-03-23,1365,193.0,5.0,9.2,14.4,23.15,27.3
2021-03-24,1365,393.2000000000007,4.75,8.3,11.7,16.85,28.9
2021-03-25,1364,249.70000000000073,4.7,9.5,13.7,14.5,39.95
2021-03-26,1005,312.2999999999993,5.5,11.6,19.4,22.85,45.2
2021-03-28,360,129.79999999999927,4.8,8.0,6.2,20.8,
2021-03-29,1365,195.5,5.7,10.8,10.6,17.85,20.65
2021-03-30,1365,164.70000000000073,4.0,8.75,12.7,17.25,21.8
2021-03-31,1364,297.7999999999993,3.2,5.35,9.3,13.95,11.85
2021-04-01,1364,253.70000000000073,2.45,4.35,9.5,14.9,15.15
2021-04-02,551,50.5,1.25,3.7,4.5,5.5,
2021-04-04,360,51.79999999999927,2.0,3.6,4.5,4.7,
2021-04-05,1365,311.0,3.0,5.1,7.3,14.9,17.8
2021-04-06,1365,130.79999999999927,3.2,5.85,7.7,10.5,21.3
2021-04-07,1365,195.29999999999927,2.9,5.75,8.3,14.35,21.85
2021-04-08,1365,157.79999999999927,3.0,5.75,7.0,9.7,8.35
2021-04-09,1005,191.59999999999854,4.3,7.55,11.2,11.85,8.5
2021-04-11,360,64.40000000000146,2.8,4.6,8.5,12.0,
2021-04-12,1365,101.79999999999927,3.0,5.8,7.0,7.35,9.75
2021-04-13,1365,221.20000000000073,3.0,4.8,6.2,11.7,7.95
2021-04-14,1365,256.2000000000007,2.7,5.5,9.0,10.4,24.25
2021-04-15,1365,226.20000000000073,3.0,4.2,8.3,15.75,10.1
2021-04-16,1005,105.70000000000073,3.7,5.35,6.6,14.85,10.7
2021-04-18,360,79.0,2.4,4.3,9.5,3.5,
2021-04-19,1365,228.79999999999927,2.7,5.75,6.7,10.7,13.95
2021-04-20,1365,224.0,4.25,7.25,11.0,13.35,25.5
2021-04-21,1365,226.0,3.35,5.35,8.0,8.4,16.0
2021-04-22,1365,243.0,3.0,5.15,6.0,9.4,22.05
2021-04-23,1005,244.0,3.55,5.9,6.3,7.75,8.5
2021-04-25,360,39.20000000000073,1.6,3.7,4.3,10.0,
2021-04-26,1365,173.70000000000073,2.2,4.1,4.8,9.2,12.0
2021-04-27,1365,137.5,2.2,3.5,5.2,6.2,9.35
2021-04-28,1365,153.0,2.8,4.35,9.5,15.9,22.15
2021-04-29,1365,245.5,3.0,5.1,7.0,9.8,24.6
2021-04-30,1005,137.0,4.4,6.9,12.0,18.65,26.25
2021-05-02,360,35.5,1.7,2.8,3.0,2.3,
2021-05-03,1365,224.5,3.0,5.35,8.0,14.5,22.9
2021-05-04,1365,396.7000000000007,3.5,7.0,9.0,17.4,22.4
2021-05-05,1364,214.5,3.9,8.6,10.2,13.85,18.5
2021-05-06,1365,272.2000000000007,4.3,7.9,15.0,12.65,32.6
2021-05-07,1005,229.79999999999927,4.25,8.3,9.3,16.65,28.35
2021-05-09,360,41.0,1.4,1.6,2.2,2.7,
2021-05-10,1365,565.0,4.75,9.65,13.2,20.25,14.95
2021-05-11,1365,310.59999999999854,6.6,11.6,14.0,24.25,19.85
2021-05-12,1365,378.2000000000007,7.3,14.5,13.6,16.65,18.4
2021-05-13,1365,308.7999999999993,6.0,12.2,17.2,20.5,27.5
2021-05-14,1005,263.2000000000007,4.1,8.25,8.0,19.15,15.55
2021-05-16,360,108.29999999999927,5.3,10.4,15.5,13.8,
2021-05-17,1364,215.40000000000146,4.0,8.7,10.0,14.7,20.5
2021-05-18,1365,294.7000000000007,4.25,7.2,13.6,24.7,24.35
2021-05-19,1365,288.7999999999993,6.3,10.6,15.2,26.1,31.5
2021-05-20,1365,396.40000000000146,4.0,8.5,14.6,17.6,15.3
2021-05-21,1005,174.20000000000073,4.0,7.15,8.5,9.0,10.8
2021-05-23,360,90.29999999999927,3.0,7.3,10.7,18.7,
2021-05-24,1365,290.2000000000007,2.7,5.0,10.7,19.6,10.9
2021-05-25,1365,132.0,3.3,4.8,8.0,14.65,10.2
2021-05-26,1365,72.5,3.0,5.1,7.2,8.35,9.4
2021-05-27,1365,100.59999999999854,2.65,4.9,7.3,14.05,10.0
2021-05-28,1005,100.70000000000073,2.55,4.1,9.3,14.4,14.35
2021-05-30,357,29.299999999999272,1.7,2.8,3.3,4.0,
2021-05-31,1139,60.5,1.6,2.7,5.6,7.15,
2021-06-01,1365,180.79999999999927,2.7,5.65,7.0,8.15,16.85
2021-06-02,1364,109.59999999999854,2.5,4.6,6.2,7.8,10.65
2021-06-03,1365,235.0,3.3,6.0,10.4,16.9,14.25
2021-06-04,1005,291.2999999999993,3.7,7.1,10.0,12.0,11.25
2021-06-06,360,51.79999999999927,2.0,3.6,5.2,10.3,
2021-06-07,1365,174.0,2.9,4.6,6.7,12.35,11.95
2021-06-08,1365,175.40000000000146,3.2,5.65,7.7,15.4,12.5
2021-06-09,1365,95.70000000000073,2.4,4.0,5.0,6.0,6.65
2021-06-10,1364,261.0,2.5,5.3,8.7,10.8,19.15
2021-06-11,1005,65.59999999999854,2.5,5.1,6.7,6.95,11.9
2021-06-13,360,30.0,1.0,1.3,2.7,1.7,
2021-06-14,1363,198.20000000000073,2.0,4.0,5.2,12.4,8.95
2021-06-15,1364,153.40000000000146,2.4,3.85,4.0,7.7,8.55
2021-06-16,1365,265.59999999999854,3.45,5.6,10.2,13.2,19.0
2021-06-17,1365,334.5,3.7,5.6,10.0,9.9,36.7
2021-06-18,1005,194.79999999999927,4.3,7.1,9.0,8.75,15.0
2021-06-20,360,63.400000000001455,3.5,4.5,7.0,6.7,
2021-06-21,1365,195.5,3.45,4.8,6.2,8.65,10.9
2021-06-22,1365,234.70000000000073,2.75,4.9,7.3,13.9,12.15
2021-06-23,1364,84.0,2.3,4.1,6.5,10.75,14.3
2021-06-24,1365,127.20000000000073,2.65,3.75,5.2,4.7,12.75
2021-06-25,1005,81.0,2.8,4.2,7.7,11.05,13.65
2021-06-27,360,33.599999999998545,1.7,4.0,4.7,7.7,
2021-06-28,1380,170.79999999999927,2.0,3.5,5.3,6.3,13.95
2021-06-29,1380,129.70000000000073,2.3,3.8,6.7,5.0,8.25
2021-06-30,1380,72.59999999999854,2.0,3.0,5.3,6.75,9.25
2021-07-01,1380,135.20000000000073,2.0,4.0,6.0,10.9,6.8
2021-07-02,1020,215.79999999999927,2.3,4.8,5.2,19.6,6.35
2021-07-04,360,25.599999999998545,1.0,2.5,3.0,1.4,
2021-07-05,1140,49.5,1.5,2.8,3.2,7.0,
2021-07-06,1380,172.59999999999854,2.5,5.0,5.0,9.3,19.8
2021-07-07,1380,157.59999999999854,2.8,5.2,6.8,5.35,16.45
2021-07-08,1380,253.70000000000073,5.0,9.0,15.3,20.5,27.4
2021-07-09,1020,169.79999999999927,3.5,5.2,8.4,16.0,8.75
2021-07-11,360,49.5,1.6,4.0,3.5,2.0,
2021-07-12,1379,103.5,2.6,3.7,5.3,9.15,6.55
2021-07-13,1380,200.29999999999927,2.3,4.5,7.3,16.5,24.1
2021-07-14,1379,154.79999999999927,3.2,6.0,8.8,16.55,22.1
2021-07-15,1380,254.59999999999854,4.0,8.8,9.5,12.85,28.9
2021-07-16,1020,213.5,4.3,6.5,10.3,17.2,21.2
2021-07-18,360,70.70000000000073,3.5,4.7,11.0,19.0,
2021-07-19,1380,222.5,5.5,9.7,9.2,19.15,17.75
2021-07-20,1380,265.7000000000007,4.0,6.0,9.4,16.35,17.7
2021-07-21,1380,187.79999999999927,3.0,5.3,6.8,10.95,7.05
2021-07-22,1380,168.59999999999854,2.3,3.7,5.6,12.4,11.75
2021-07-23,1020,183.0,2.6,5.3,4.8,9.35,9.9
2021-07-25,360,51.70000000000073,1.8,3.8,5.3,10.7,
2021-07-26,1378,95.20000000000073,2.4,4.5,5.7,12.0,10.6
2021-07-27,1380,357.2999999999993,3.5,6.8,12.2,15.75,35.6
2021-07-28,1380,181.29999999999927,3.8,6.4,12.4,16.7,26.25
2021-07-29,1380,263.0,3.7,6.5,11.3,15.1,13.4
2021-07-30,1020,168.79999999999927,4.0,6.0,10.2,16.4,13.25
2021-08-01,360,66.20000000000073,2.0,4.4,8.6,13.8,
2021-08-02,1380,124.0,2.7,4.0,5.2,5.15,18.55
2021-08-03,1380,201.0,2.3,3.3,4.8,8.25,14.3
2021-08-04,1380,111.0,2.5,3.2,6.0,5.0,18.35
2021-08-05,1380,103.29999999999927,1.7,2.8,4.8,4.1,10.05
2021-08-06,1020,121.29999999999927,2.3,3.5,6.0,7.75,11.4
2021-08-08,360,92.0,2.0,3.6,5.8,12.3,
2021-08-09,1380,103.0,2.0,3.3,4.6,7.2,7.55
2021-08-10,1380,162.70000000000073,2.0,3.0,5.0,6.7,12.95
2021-08-11,1380,156.0,2.0,4.0,6.7,9.7,14.2
2021-08-12,1379,149.29999999999927,2.0,2.8,4.3,6.1,9.0
2021-08-13,1020,86.59999999999854,2.0,2.6,5.3,10.85,3.9
2021-08-15,360,29.799999999999272,1.0,2.3,4.3,4.0,
2021-08-16,1380,221.79999999999927,2.0,4.5,4.8,8.5,19.0
2021-08-17,1380,218.79999999999927,3.2,6.0,8.8,14.65,31.1
2021-08-18,1380,230.70000000000073,3.0,4.7,8.5,8.5,14.3
2021-08-19,1380,288.5,4.6,8.7,12.8,20.55,31.9
2021-08-20,1020,249.0,4.2,9.7,10.6,11.65,12.5
2021-08-22,360,64.0,1.6,3.0,4.7,8.5,
2021-08-23,1380,220.70000000000073,1.8,3.0,5.0,5.0,10.15
2021-08-24,1380,74.5,2.0,3.5,4.5,4.65,12.35
2021-08-25,1380,79.0,2.0,3.3,4.7,8.3,7.15
2021-08-26,1380,109.79999999999927,2.3,3.5,7.5,9.75,13.2
2021-08-27,1020,163.79999999999927,2.2,3.2,8.5,5.8,12.4
2021-08-29,360,35.79999999999927,1.5,2.2,4.3,5.0,
2021-08-30,1380,186.79999999999927,1.7,3.2,4.5,4.8,12.05
2021-08-31,1380,159.40000000000146,2.8,5.0,7.6,12.7,12.1
2021-09-01,1380,113.0,2.2,4.2,4.8,8.0,4.9
2021-09-02,1380,130.20000000000073,2.0,3.7,5.8,8.6,16.2
2021-09-03,1020,125.29999999999927,2.2,4.2,6.7,5.9,7.4
2021-09-05,357,21.299999999999272,1.6,2.0,3.2,2.0,
2021-09-06,1138,51.29999999999927,1.2,1.8,3.7,4.75,
2021-09-07,1380,94.70000000000073,2.0,4.0,6.3,5.9,9.5
2021-09-08,1380,161.40000000000146,2.6,3.7,7.3,10.05,14.25
2021-09-09,1380,130.0,2.8,5.0,8.4,10.2,13.0
2021-09-10,1019,234.20000000000073,2.3,3.7,6.2,13.4,11.25
2021-09-12,360,57.79999999999927,3.5,3.7,9.5,20.5,
2021-09-13,1379,214.70000000000073,2.8,5.2,9.7,16.15,41.15
2021-09-14,1380,179.70000000000073,3.0,6.4,10.2,12.15,23.4
2021-09-15,1380,213.0,2.7,3.5,5.8,9.3,21.75
2021-09-16,1380,173.70000000000073,3.0,5.5,4.7,11.5,10.85
2021-09-17,1020,252.0,3.8,6.3,8.8,11.9,25.85
2021-09-19,360,133.0,3.0,4.3,17.2,21.5,
2021-09-20,1380,456.0,5.7,11.2,15.3,19.8,26.65
2021-09-21,1380,232.70000000000073,5.3,9.8,18.4,26.0,22.4
2021-09-22,1380,212.20000000000073,4.6,6.8,8.0,15.65,19.55
2021-09-23,1380,171.79999999999927,3.6,6.6,9.5,15.2,8.3
2021-09-24,1020,157.40000000000146,4.0,8.5,11.8,23.9,19.05
2021-09-26,360,97.0,2.3,3.4,7.3,17.0,
2021-09-27,1380,315.2000000000007,4.0,7.7,11.3,22.05,20.75
2021-09-28,1380,451.40000000000146,7.0,12.2,23.0,25.05,42.6
2021-09-29,1380,215.0,6.0,10.2,17.4,21.35,36.65
2021-09-30,1380,309.0,6.2,10.4,12.0,13.25,18.9
2021-10-01,1020,281.0,6.5,12.7,17.2,30.9,35.65
2021-10-03,360,139.0,5.3,9.0,16.5,25.0,
2021-10-04,1380,383.7000000000007,7.0,11.0,17.0,27.2,24.4
2021-10-05,1380,302.2999999999993,5.3,9.8,14.5,16.5,15.5
2021-10-06,1380,465.5,5.6,11.0,19.0,25.25,37.05
2021-10-07,1380,169.0,4.7,6.7,13.0,17.85,18.0
2021-10-08,1020,205.20000000000073,5.2,9.0,16.0,26.3,20.35
2021-10-10,360,125.0,4.3,6.2,12.0,38.4,
2021-10-11,1380,301.2000000000007,5.0,10.2,12.7,22.4,16.2
2021-10-12,1380,197.70000000000073,4.5,9.5,11.8,18.2,13.25
2021-10-13,1380,245.0,4.0,6.2,10.0,13.85,15.95
2021-10-14,1379,281.0,3.2,5.0,8.8,15.55,9.9
2021-10-15,1020,109.0,4.0,6.5,7.2,11.85,7.95
2021-10-17,360,87.0,3.2,3.0,9.0,24.0,
2021-10-18,1380,277.7000000000007,3.2,5.0,9.3,14.55,15.25
2021-10-19,1380,147.40000000000146,2.8,4.7,7.0,9.85,7.4
2021-10-20,1380,127.5,2.7,4.8,8.2,10.1,13.85
2021-10-21,1380,182.79999999999927,3.5,6.7,9.2,16.2,12.65
2021-10-22,1020,189.70000000000073,4.0,7.0,9.8,14.25,24.8
2021-10-24,360,62.20000000000073,2.0,4.6,5.2,9.0,
2021-10-25,1380,261.2999999999993,2.7,4.7,6.8,10.4,10.8
2021-10-26,1380,198.0,3.6,5.7,4.2,15.1,16.65
2021-10-27,1380,210.29999999999927,3.2,5.0,8.2,14.65,14.65
2021-10-28,1380,185.20000000000073,3.8,6.4,9.4,14.5,12.4
2021-10-29,1020,269.2999999999993,4.3,7.0,11.6,11.4,17.7
2021-10-31,360,54.0,2.5,4.7,2.8,9.3,
2021-11-01,1379,146.29999999999927,2.5,4.2,8.2,9.6,8.9
2021-11-02,1380,128.40000000000146,2.7,4.0,5.0,5.9,12.6
2021-11-03,1380,251.79999999999927,2.5,4.2,5.3,9.65,7.5
2021-11-04,1380,219.79999999999927,3.0,5.6,8.0,8.35,24.0
2021-11-05,1020,156.5,4.2,8.0,10.8,15.85,11.05
2021-11-07,360,78.79999999999927,3.0,3.8,3.6,9.8,
2021-11-08,1379,111.5,2.7,5.5,9.0,8.65,14.4
2021-11-09,1380,259.2999999999993,3.3,5.0,9.0,14.3,18.1
2021-11-10,1380,346.5,4.7,10.2,14.7,23.85,23.7
2021-11-11,1380,123.5,3.7,6.3,7.4,10.25,10.2
2021-11-12,1020,211.40000000000146,3.7,5.7,11.0,17.1,23.55
2021-11-14,360,35.5,1.8,3.0,3.0,5.2,
2021-11-15,1380,194.29999999999927,2.7,4.7,7.8,9.2,14.35
2021-11-16,1380,181.79999999999927,3.0,5.0,5.8,10.15,6.7
2021-11-17,1380,126.5,2.7,5.5,6.4,7.5,19.35
2021-11-18,1380,286.5,3.2,5.0,7.0,9.3,20.9
2021-11-19,1020,120.5,3.8,6.3,8.0,11.4,15.25
2021-11-21,360,49.400000000001455,1.7,3.4,6.6,8.5,
2021-11-22,1380,448.2999999999993,3.5,5.4,9.0,13.25,25.4
2021-11-23,1380,300.2999999999993,5.5,11.3,14.2,14.7,50.1
2021-11-24,1380,295.0,4.0,7.3,13.4,22.15,23.25
2021-11-25,1140,180.5,3.2,5.0,6.0,11.6,
2021-11-26,795,320.0,9.5,11.3,21.65,19.6,
2021-11-28,360,213.0,4.3,8.0,6.5,25.5,
2021-11-29,1380,274.5,5.0,8.5,15.0,19.75,15.0
2021-11-30,1380,387.40000000000146,8.6,17.0,22.0,30.45,38.85
2021-12-01,1380,602.2999999999993,7.5,14.8,20.0,20.75,34.9
2021-12-02,1380,303.40000000000146,8.6,17.3,19.0,26.45,49.65
2021-12-03,1020,583.7999999999993,9.2,14.5,22.8,35.6,55.15
2021-12-05,360,79.40000000000146,4.0,8.7,9.5,14.8,
2021-12-06,1380,340.59999999999854,6.2,12.8,18.3,27.2,35.1
2021-12-07,1380,534.7999999999993,5.0,9.5,13.0,31.1,18.0
2021-12-08,1380,185.29999999999927,3.5,6.8,9.0,19.0,14.2
2021-12-09,1378,294.0,4.2,6.5,9.2,14.05,28.1
2021-12-10,1020,201.5,5.3,10.0,13.5,24.5,17.25
2021-12-12,359,84.0,2.7,4.2,6.0,13.8,
2021-12-13,1380,349.2000000000007,3.3,5.0,7.0,8.45,24.8
2021-12-14,1380,398.7999999999993,4.7,8.3,17.0,15.95,28.95
2021-12-15,1380,597.5999999999985,5.0,11.0,14.8,21.4,29.0
2021-12-16,1380,691.7999999999993,7.0,12.4,23.0,27.15,46.9
2021-12-17,1020,304.7000000000007,10.2,18.7,21.3,35.85,32.5
2021-12-19,360,263.59999999999854,7.5,12.0,25.3,34.3,
2021-12-20,1380,285.5,6.6,11.4,17.0,28.65,30.5
2021-12-21,1380,382.2000000000007,4.7,8.4,16.3,19.75,37.75
2021-12-22,1378,313.5,3.8,6.7,9.2,22.0,20.4
2021-12-23,1020,210.79999999999927,3.3,6.3,10.3,9.15,14.75
2021-12-26,360,58.79999999999927,2.0,4.2,4.7,5.5,
2021-12-27,1380,276.2999999999993,2.2,5.0,6.7,7.1,9.45
2021-12-28,1380,207.29999999999927,3.5,7.5,12.5,16.65,19.5
2021-12-29,1380,176.70000000000073,3.2,5.5,9.2,10.45,19.5
2021-12-30,1380,216.70000000000073,3.3,5.5,8.0,11.0,14.95
2021-12-31,1020,150.20000000000073,3.3,5.2,9.3,14.6,9.5
2022-01-02,360,71.79999999999927,3.0,3.8,8.3,13.2,
2022-01-03,1378,235.20000000000073,2.8,5.5,8.8,15.0,25.2
2022-01-04,1380,424.5,3.8,7.8,10.3,20.5,26.95
2022-01-05,1380,639.0,6.4,10.0,14.0,15.6,39.45
2022-01-06,1380,297.2999999999993,7.2,11.8,18.7,16.15,20.85
2022-01-07,1020,317.7999999999993,8.0,14.2,19.0,32.2,28.35
2022-01-09,360,129.5,4.5,9.0,13.5,14.8,
2022-01-10,1380,516.5,7.0,15.7,22.8,23.8,57.5
2022-01-11,1380,371.5,4.7,9.8,9.8,14.15,32.6
2022-01-12,1380,246.70000000000073,5.4,9.4,14.7,21.95,17.0
2022-01-13,1380,565.7999999999993,7.0,10.0,17.6,15.8,26.0
2022-01-14,1020,308.5,9.0,15.0,28.3,21.65,52.35
2022-01-16,360,146.0,5.3,7.7,7.3,24.5,
2022-01-17,1140,229.70000000000073,4.0,7.7,10.5,7.65,
2022-01-18,1380,398.0,7.2,11.2,20.0,23.35,27.4
2022-01-19,1380,378.2000000000007,8.4,15.7,23.0,23.0,51.15
2022-01-20,1380,738.0,8.8,14.4,19.2,34.5,27.1
2022-01-21,1020,450.0,12.8,18.2,22.5,38.9,47.45
2022-01-23,360,203.20000000000073,5.6,7.2,12.5,32.3,
2022-01-24,1380,868.7999999999993,12.7,22.3,34.7,27.4,71.5
2022-01-25,1380,510.2000000000007,14.5,22.8,48.0,61.4,69.7
2022-01-26,1380,795.2999999999993,11.7,23.0,25.8,52.25,22.2
2022-01-27,1380,529.0,15.8,27.2,32.0,56.5,45.85
2022-01-28,1020,611.0,16.0,19.8,58.0,47.8,75.45
2022-01-30,360,147.59999999999854,6.2,7.2,17.4,19.0,
2022-01-31,1380,515.0,6.2,11.8,17.8,15.75,32.0
2022-02-01,1380,419.7999999999993,6.3,9.5,13.5,18.6,32.1
2022-02-02,1380,508.5,6.4,12.6,16.4,24.4,28.9
2022-02-03,1380,413.7999999999993,7.6,10.0,14.3,20.8,37.4
2022-02-04,1020,463.0,11.3,20.0,31.2,63.3,34.15
2022-02-06,360,117.0,4.8,9.5,14.8,34.0,
2022-02-07,1380,294.7000000000007,6.6,10.6,12.8,22.15,27.9
2022-02-08,1380,352.5,6.0,10.5,14.0,26.7,20.7
2022-02-09,1380,310.0,4.2,6.3,10.6,16.65,21.85
2022-02-10,1380,477.5,6.0,9.7,16.5,22.75,52.5
2022-02-11,1020,585.7999999999993,10.8,16.6,23.6,39.55,38.8
2022-02-13,360,104.79999999999927,5.6,7.3,18.0,21.6,
2022-02-14,1380,363.0,7.7,13.2,16.5,26.8,38.6
2022-02-15,1379,391.59999999999854,5.3,10.3,12.0,19.7,16.0
2022-02-16,1380,287.5,5.3,7.7,11.3,17.15,14.2
2022-02-17,1380,455.40000000000146,6.5,12.0,14.8,28.85,27.2
2022-02-18,1020,381.59999999999854,7.0,13.2,18.8,26.15,43.7
2022-02-20,360,276.0,7.0,11.2,34.0,88.0,
2022-02-21,1140,577.2999999999993,7.2,13.0,23.6,36.65,
2022-02-22,1380,494.7000000000007,9.0,17.0,29.2,37.85,50.8
2022-02-23,1380,964.7999999999993,9.6,17.0,26.5,46.7,59.6
2022-02-24,1380,957.4000000000015,13.2,23.4,32.0,50.65,63.4
2022-02-25,1020,436.0,10.0,20.6,29.5,37.0,44.65
2022-02-27,360,271.2000000000007,8.7,17.8,30.0,30.0,
2022-02-28,1380,484.2000000000007,9.3,18.0,25.0,27.0,44.1
2022-03-01,1380,427.7999999999993,7.7,13.8,22.0,36.8,36.0
2022-03-02,1380,378.5,6.3,13.8,20.2,23.0,21.1
2022-03-03,1380,645.7999999999993,8.0,16.6,22.6,24.1,51.2
2022-03-04,1020,326.40000000000146,10.5,20.5,23.6,35.75,23.5
2022-03-06,360,235.70000000000073,6.0,10.0,13.7,31.0,
2022-03-07,1380,629.5999999999985,10.0,18.0,26.0,38.4,40.45
2022-03-08,1380,562.7999999999993,13.0,21.0,21.7,54.35,92.35
2022-03-09,1380,567.7999999999993,9.5,13.6,23.6,19.1,25.3
2022-03-10,1380,326.0,7.7,13.8,22.5,27.25,35.65
2022-03-11,1020,579.0,9.7,16.0,27.7,37.1,42.05
2022-03-13,360,125.29999999999927,5.3,12.8,7.6,28.0,
2022-03-14,1380,432.0,8.5,13.0,17.7,28.2,21.2
2022-03-15,1380,544.0,7.6,15.0,15.8,24.55,56.75
2022-03-16,1380,574.2999999999993,6.8,15.0,21.0,23.85,43.5
2022-03-17,1380,313.5,7.0,12.8,14.5,36.95,37.4
2022-03-18,1020,465.7999999999993,5.8,8.0,12.5,13.5,22.75
2022-03-20,360,94.0,3.3,8.5,10.7,15.2,
2022-03-21,1380,283.0,5.5,8.2,16.4,15.05,69.95
2022-03-22,1380,389.7999999999993,5.5,11.0,11.3,16.7,33.35
2022-03-23,1380,241.20000000000073,4.7,9.5,12.4,17.4,25.4
2022-03-24,1380,355.0,5.4,6.8,10.2,17.45,21.1
2022-03-25,1020,268.0,5.8,9.7,16.7,30.0,28.3
2022-03-27,360,98.0,2.5,8.2,7.2,17.5,
2022-03-28,1380,338.2000000000007,4.5,9.7,14.2,23.1,44.7
2022-03-29,1380,306.0,4.7,8.5,11.0,14.65,22.85
2022-03-30,1380,234.79999999999927,4.5,7.5,12.0,13.45,31.45
2022-03-31,1380,325.2999999999993,4.5,8.3,12.0,10.45,42.55
2022-04-01,1020,235.0,5.6,11.5,13.7,25.95,28.7
2022-04-03,360,60.0,2.8,5.2,7.5,8.0,
2022-04-04,1380,349.5,3.5,6.8,9.5,14.0,15.0
2022-04-05,1380,424.5,4.0,9.0,11.7,13.3,30.4
2022-04-06,1380,448.2000000000007,5.2,9.0,16.0,30.65,50.15
2022-04-07,1379,316.7999999999993,6.5,10.5,15.2,23.45,39.0
2022-04-08,1020,331.7000000000007,6.0,11.0,21.0,28.6,31.5
2022-04-10,360,185.5,4.3,9.7,17.2,24.5,
2022-04-11,1380,394.59999999999854,5.8,10.2,15.0,24.1,29.55
2022-04-12,1380,403.0,6.0,13.2,21.7,22.15,68.75
2022-04-13,1380,350.5,5.2,11.0,17.2,27.25,26.65
2022-04-14,1020,419.7000000000007,6.0,10.0,13.4,21.5,23.0
2022-04-17,360,174.29999999999927,4.7,9.3,11.8,19.7,
2022-04-18,1380,271.2000000000007,5.0,11.0,17.7,16.2,44.25
2022-04-19,1380,414.0,5.6,11.0,20.3,20.45,23.95
2022-04-20,1380,341.5,5.5,11.3,15.7,14.85,29.8
2022-04-21,1380,670.7999999999993,6.2,12.5,16.2,26.7,27.6
2022-04-22,1020,484.0,9.3,16.8,25.0,35.25,36.75
2022-04-24,360,124.5,7.0,11.8,19.4,19.4,
2022-04-25,1380,399.7999999999993,8.0,12.8,24.3,26.3,51.65
2022-04-26,1380,773.7000000000007,7.7,14.4,18.3,48.7,48.95
2022-04-27,1380,325.0,8.7,16.3,17.3,25.75,52.65
2022-04-28,1380,509.0,7.8,17.2,24.8,42.25,42.2
2022-04-29,1020,601.2000000000007,8.5,17.2,27.0,28.35,41.65
2022-05-01,360,165.0,7.7,20.2,27.3,21.5,
2022-05-02,1380,461.7000000000007,8.5,13.8,20.0,27.65,43.9
2022-05-03,1380,215.29999999999927,6.2,12.7,13.7,21.6,61.6
2022-05-04,1380,672.2000000000007,4.8,6.7,12.4,13.2,76.45
2022-05-05,1380,842.7999999999993,7.2,16.7,19.3,25.1,63.5
2022-05-06,1020,409.7999999999993,11.2,22.8,41.0,35.65,74.7
2022-05-08,360,128.20000000000073,4.0,9.0,17.7,30.2,
2022-05-09,1380,521.7999999999993,9.6,15.2,26.8,36.5,57.25
2022-05-10,1380,377.0,9.0,14.7,31.0,36.6,66.1
2022-05-11,1380,631.7000000000007,8.8,15.2,28.0,17.25,46.25
2022-05-12,1380,458.7999999999993,11.8,18.5,33.2,41.5,65.35
2022-05-13,1020,367.2000000000007,9.5,15.3,20.3,34.4,41.1
2022-05-15,360,262.59999999999854,7.5,17.4,24.8,55.5,
2022-05-16,1380,223.59999999999854,5.8,10.8,16.8,31.4,74.45
2022-05-17,1380,285.2000000000007,5.2,11.8,16.8,18.15,36.65
2022-05-18,1380,732.7999999999993,7.0,14.2,19.3,30.45,38.9
2022-05-19,1380,372.7999999999993,8.5,15.0,20.5,40.25,45.55
2022-05-20,1020,605.5999999999985,7.3,14.5,26.0,35.0,56.2
2022-05-22,360,149.79999999999927,5.4,8.8,15.2,26.0,
2022-05-23,1380,291.7000000000007,7.0,14.0,19.0,24.1,30.85
2022-05-24,1380,316.2999999999993,7.7,12.2,18.0,27.75,40.1
2022-05-25,1379,364.0,7.0,11.6,20.5,34.05,23.65
2022-05-26,1380,494.7999999999993,5.6,9.6,18.5,22.85,24.2
2022-05-27,1020,486.7000000000007,6.5,12.3,18.8,19.15,26.55
2022-05-29,360,122.20000000000073,4.0,9.2,8.8,16.0,
2022-05-30,1140,207.0,4.7,8.7,14.8,20.65,
2022-05-31,1380,288.5,7.3,13.0,19.7,31.3,58.85
2022-06-01,1380,368.7000000000007,7.6,12.3,15.5,25.0,19.3
2022-06-02,1380,502.7000000000007,5.6,9.8,18.0,16.25,26.7
2022-06-03,1020,406.0,6.6,15.3,17.0,24.9,39.85
2022-06-05,359,116.5,3.2,7.7,14.5,25.2,
2022-06-06,1380,322.0,5.5,10.0,13.4,27.7,14.8
2022-06-07,1380,327.7000000000007,5.2,9.4,12.7,19.9,44.5
2022-06-08,1380,216.20000000000073,5.0,10.0,15.5,14.6,31.75
2022-06-09,1380,470.7999999999993,5.2,10.0,14.8,20.5,36.4
2022-06-10,1020,515.7999999999993,7.8,15.0,17.4,28.35,19.6
2022-06-12,360,202.5,5.3,9.2,17.2,25.3,
2022-06-13,1380,359.59999999999854,8.8,15.7,22.0,28.0,36.5
2022-06-14,1380,298.5,8.0,12.6,18.7,26.85,27.4
2022-06-15,1380,435.7000000000007,7.0,14.5,24.0,19.65,44.8
2022-06-16,1380,622.7000000000007,9.2,15.8,19.8,34.05,22.6
2022-06-17,1020,277.0,8.0,14.8,18.8,38.15,45.3
2022-06-19,360,163.70000000000073,5.5,12.2,17.4,52.7,
2022-06-20,1140,178.79999999999927,3.2,6.0,9.6,11.0,
2022-06-21,1380,247.0,4.8,7.7,12.6,19.5,15.75
2022-06-22,1380,425.2999999999993,6.8,11.5,12.7,23.0,17.0
2022-06-23,1380,357.5,6.7,13.0,18.0,40.7,23.85
2022-06-24,1020,343.2999999999993,5.7,9.0,13.0,16.35,15.45
2022-06-26,360,158.0,5.2,10.7,14.0,39.0,
2022-06-27,1380,291.0,5.3,8.0,15.0,22.65,23.75
2022-06-28,1380,516.4000000000015,5.0,10.2,11.7,23.9,26.85
2022-06-29,1380,184.5,5.0,10.8,11.5,24.6,26.4
2022-06-30,1380,334.0,8.0,16.7,21.5,23.1,35.0
2022-07-01,1020,248.0,9.0,12.7,28.4,38.25,38.75
2022-07-03,360,118.79999999999927,5.5,9.0,4.0,1.6,
2022-07-04,1140,239.5,3.8,6.4,11.4,12.1,
2022-07-05,1380,484.59999999999854,6.7,9.8,16.0,27.4,41.5
2022-07-06,1380,246.40000000000146,5.5,10.0,15.0,27.65,19.8
2022-07-07,1380,278.5,4.5,7.8,11.2,15.95,14.4
2022-07-08,1020,258.5,5.3,10.0,14.2,17.9,24.55
2022-07-10,360,125.29999999999927,4.3,8.2,5.0,20.0,
2022-07-11,1380,297.2999999999993,5.0,10.5,10.8,15.95,22.9
2022-07-12,1380,313.5,4.7,9.6,14.0,21.4,34.25
2022-07-13,1380,490.7999999999993,5.3,10.8,15.2,27.15,31.2
2022-07-14,1380,356.7999999999993,6.3,10.8,13.0,33.15,40.6
2022-07-15,1020,281.2999999999993,6.0,10.5,14.5,15.4,10.25
2022-07-17,360,75.79999999999927,3.0,6.3,9.3,11.6,
2022-07-18,1380,329.5,4.4,7.3,11.0,19.4,22.6
2022-07-19,1380,469.0,4.7,8.0,10.0,22.4,14.4
2022-07-20,1380,281.7000000000007,4.8,7.4,10.0,18.35,31.15
2022-07-21,1380,281.7000000000007,5.5,10.0,14.0,23.75,28.1
2022-07-22,1020,354.7000000000007,5.2,7.7,9.0,18.2,26.8
2022-07-24,360,71.79999999999927,3.5,4.2,7.8,12.8,
2022-07-25,1380,232.0,4.3,8.0,11.8,14.75,21.25
2022-07-26,1379,262.0,5.0,6.3,11.0,8.7,29.7
2022-07-27,1380,426.0,3.7,6.6,9.8,16.25,20.75
2022-07-28,1380,499.0,4.3,7.8,11.0,20.1,37.4
2022-07-29,1020,267.7999999999993,5.0,8.7,13.0,19.2,30.35
2022-07-31,360,93.59999999999854,2.6,4.5,5.5,7.7,
2022-08-01,1380,257.0,4.0,8.3,13.0,19.15,24.0
2022-08-02,1380,282.2000000000007,5.0,9.7,11.3,15.4,31.6
2022-08-03,1380,417.40000000000146,4.6,8.0,10.2,15.5,22.85
2022-08-04,1380,199.70000000000073,3.6,6.8,10.3,18.65,31.95
2022-08-05,1020,289.7999999999993,4.2,9.8,15.4,19.1,33.2
2022-08-07,360,124.20000000000073,2.5,3.0,5.0,12.0,
2022-08-08,1380,298.7000000000007,4.5,8.6,12.0,22.15,24.2
2022-08-09,1380,261.0,3.8,6.8,9.6,9.1,27.75
2022-08-10,1380,475.7999999999993,3.7,7.3,12.7,28.55,26.15
2022-08-11,1380,290.0,4.3,8.5,12.0,22.3,21.6
2022-08-12,1020,247.70000000000073,4.2,7.0,10.4,23.25,21.45
2022-08-14,360,45.29999999999927,2.4,5.5,6.8,11.7,
2022-08-15,1380,210.79999999999927,3.3,5.3,7.7,10.1,18.0
2022-08-16,1379,218.0,3.2,6.2,9.3,13.85,33.0
2022-08-17,1380,265.7999999999993,4.6,7.7,13.3,14.95,31.25
2022-08-18,1379,164.70000000000073,4.0,8.0,13.2,24.1,27.95
2022-08-19,1020,274.7000000000007,5.0,8.3,10.8,14.35,19.65
2022-08-21,360,49.5,2.5,4.0,3.7,11.0,
2022-08-22,1380,333.0,4.2,8.8,11.2,14.45,16.35
2022-08-23,1380,195.0,4.3,8.0,12.0,17.65,27.3
2022-08-24,1380,185.40000000000146,4.0,6.4,11.3,17.4,17.7
2022-08-25,1380,206.79999999999927,3.7,6.7,13.2,17.15,19.35
2022-08-26,1020,662.5,5.3,9.0,15.5,22.85,27.0
2022-08-28,360,112.0,5.2,5.8,26.2,27.3,
2022-08-29,1380,177.20000000000073,6.0,11.0,19.5,18.9,20.15
2022-08-30,1380,410.7000000000007,4.8,9.3,15.0,12.5,20.95
2022-08-31,1380,389.5,7.2,15.2,16.3,21.85,26.9
2022-09-01,1380,302.7000000000007,5.8,10.6,9.8,15.7,11.8
2022-09-02,1020,421.2999999999993,6.7,14.0,21.3,33.9,43.65
2022-09-04,360,94.70000000000073,4.3,8.8,11.0,13.2,
2022-09-05,1140,180.0,4.3,9.2,14.0,26.6,
2022-09-06,1380,323.0,5.6,10.7,16.7,12.3,34.5
2022-09-07,1380,357.0,4.6,11.0,11.0,14.85,26.65
2022-09-08,1380,283.0,4.7,8.5,10.6,19.9,32.7
2022-09-09,1020,257.7999999999993,4.8,9.0,11.7,19.35,18.05
2022-09-11,360,102.70000000000073,3.7,4.3,7.4,11.3,
2022-09-12,1380,291.7999999999993,4.2,9.0,12.0,32.3,24.0
2022-09-13,1380,904.7999999999993,5.8,10.0,12.2,17.95,35.3
2022-09-14,1380,188.59999999999854,6.5,11.0,16.3,20.7,19.65
2022-09-15,1380,362.0,4.5,10.3,15.3,15.0,47.95
2022-09-16,1020,182.70000000000073,5.0,9.4,10.0,20.1,34.4
2022-09-18,360,94.40000000000146,3.8,4.6,9.6,10.5,
2022-09-19,1380,300.2999999999993,4.7,9.7,12.5,24.45,32.15
2022-09-20,1380,260.59999999999854,4.6,10.5,11.2,18.5,27.0
2022-09-21,1380,590.5,5.3,8.4,13.2,18.65,20.6
2022-09-22,1380,286.0,6.4,11.3,17.0,16.9,29.5
2022-09-23,1020,329.2000000000007,6.7,12.3,20.8,22.3,33.8
2022-09-25,360,113.0,6.8,14.0,19.7,19.3,
2022-09-26,1380,281.2999999999993,7.3,12.0,19.3,33.9,37.85
2022-09-27,1380,384.2000000000007,7.3,11.0,17.0,28.85,23.15
2022-09-28,1380,472.0,7.7,11.4,17.8,20.5,26.0
2022-09-29,1380,466.5,8.2,12.8,20.7,26.9,45.55
2022-09-30,1020,333.0,9.8,15.8,18.8,26.5,21.75
2022-10-02,360,159.40000000000146,7.8,17.2,25.0,38.8,
2022-10-03,1380,459.0,6.8,12.2,14.8,27.7,23.6
2022-10-04,1380,289.5,5.3,8.7,10.4,11.0,33.75
2022-10-05,1380,363.2999999999993,5.8,9.0,18.6,20.85,37.1
2022-10-06,1380,245.0,5.7,8.7,16.0,19.35,23.25
2022-10-07,1020,500.7999999999993,5.8,9.0,18.5,17.25,24.45
2022-10-09,360,96.0,4.6,7.5,12.4,14.7,
2022-10-10,1380,259.7000000000007,6.2,11.2,15.0,24.35,31.75
2022-10-11,1380,272.2999999999993,7.2,12.5,16.3,27.95,27.0
2022-10-12,1379,171.29999999999927,4.8,10.2,19.2,17.95,27.75
2022-10-13,1380,700.2000000000007,6.0,9.0,11.2,14.5,55.05
2022-10-14,1020,526.7000000000007,9.2,17.0,19.4,42.6,23.05
2022-10-16,360,91.0,3.0,6.2,10.2,2.8,
2022-10-17,1380,540.0,5.7,9.7,11.5,20.35,18.25
2022-10-18,1380,350.2999999999993,7.5,15.0,18.0,35.4,31.1
2022-10-19,1380,328.5,7.2,15.5,21.3,25.3,30.85
2022-10-20,1380,346.2999999999993,7.0,17.0,21.0,30.6,38.3
2022-10-21,1020,450.7000000000007,8.0,13.0,13.8,17.8,43.4
2022-10-23,360,167.20000000000073,6.0,14.2,16.0,21.5,
2022-10-24,1380,308.0,6.3,12.3,21.0,21.75,27.9
2022-10-25,1380,297.7999999999993,5.5,10.4,15.2,17.0,13.9
2022-10-26,1380,288.5,6.0,9.0,13.0,22.25,46.1
2022-10-27,1380,595.7000000000007,6.0,10.8,16.8,16.65,24.5
2022-10-28,1020,564.0,7.5,11.0,14.6,19.65,12.75
2022-10-30,360,77.79999999999927,3.2,6.7,9.3,11.8,
2022-10-31,1380,206.79999999999927,3.8,7.8,9.3,13.5,20.5
2022-11-01,1380,330.2000000000007,4.3,7.5,9.0,12.15,23.6
2022-11-02,1380,558.7999999999993,4.5,7.7,8.5,19.0,29.0
2022-11-03,1380,303.2000000000007,4.5,10.7,8.5,20.9,35.0
2022-11-04,1020,338.2000000000007,6.8,14.7,25.6,37.15,51.65
2022-11-06,360,131.0,3.8,7.7,7.5,17.3,
2022-11-07,1380,250.5,4.8,8.2,12.0,23.05,26.85
2022-11-08,1380,302.40000000000146,5.7,11.8,16.8,27.5,30.1
2022-11-09,1380,332.2999999999993,5.0,11.0,13.0,23.1,18.85
2022-11-10,1380,877.0,5.3,8.4,15.7,17.2,29.5
2022-11-11,1020,307.59999999999854,7.5,13.5,15.8,27.0,36.0
2022-11-13,360,60.29999999999927,3.4,4.3,9.2,3.8,
2022-11-14,1380,196.5,4.4,6.2,6.7,17.35,17.85
2022-11-15,1380,354.2999999999993,5.0,8.7,13.0,27.4,25.35
2022-11-16,1380,256.5,4.7,7.5,11.8,22.75,21.0
2022-11-17,1380,299.2999999999993,5.2,10.0,16.0,33.75,26.25
2022-11-18,1020,236.0,6.0,9.6,16.4,19.65,29.45
2022-11-20,360,97.79999999999927,3.5,6.7,4.7,11.5,
2022-11-21,1380,146.79999999999927,3.5,7.8,7.0,11.85,7.9
2022-11-22,1380,232.70000000000073,3.7,6.5,8.8,11.45,22.2
2022-11-23,1379,179.59999999999854,3.0,5.5,8.0,14.6,32.1
2022-11-24,1137,59.0,1.8,3.2,4.6,4.5,
2022-11-25,795,152.0,2.65,6.25,9.5,10.0,
2022-11-27,360,81.0,2.2,3.7,7.0,13.2,
2022-11-28,1380,213.29999999999927,3.5,6.7,9.2,15.5,25.75
2022-11-29,1380,239.5,3.2,6.8,6.8,7.35,26.65
2022-11-30,1380,588.0,3.6,7.7,11.0,11.0,25.95
2022-12-01,1380,201.79999999999927,3.2,7.8,10.3,17.3,18.0
2022-12-02,1020,327.2999999999993,4.3,7.0,9.2,13.45,12.0
2022-12-04,360,34.599999999998545,1.8,3.2,6.0,6.0,
2022-12-05,1380,253.0,3.3,6.7,8.3,14.15,30.15
2022-12-06,1380,344.2000000000007,3.8,6.6,9.4,12.0,26.2
2022-12-07,1380,173.70000000000073,4.4,7.0,10.3,21.2,29.75
2022-12-08,1380,211.29999999999927,4.0,5.7,9.4,15.35,28.2
2022-12-09,1020,231.0,5.0,9.7,10.2,14.8,9.6
2022-12-11,360,145.70000000000073,2.7,5.5,12.7,12.7,
2022-12-12,1380,294.7999999999993,3.3,4.5,5.0,9.05,18.65
2022-12-13,1378,527.7999999999993,4.2,7.4,12.2,23.0,38.5
2022-12-14,1380,340.5,4.3,7.0,12.0,16.1,18.4
2022-12-15,1380,464.7999999999993,4.3,7.8,10.3,25.4,14.6
2022-12-16,1020,216.0,7.0,10.5,14.0,16.85,24.55
2022-12-18,360,63.0,1.8,3.7,5.0,4.5,
2022-12-19,1380,358.0,3.5,6.7,10.8,18.65,16.9
2022-12-20,1380,220.29999999999927,4.3,9.2,13.8,11.45,23.65
2022-12-21,1379,208.79999999999927,4.0,6.5,7.0,7.4,19.6
2022-12-22,1380,514.2999999999993,3.6,7.7,12.2,20.2,36.4
2022-12-23,1020,226.79999999999927,5.3,8.0,16.6,19.55,18.75
2022-12-26,360,79.79999999999927,1.8,2.6,3.8,16.0,
2022-12-27,1380,285.5,3.4,5.8,11.0,9.1,17.05
2022-12-28,1379,237.70000000000073,3.7,7.7,8.5,21.4,20.65
2022-12-29,1378,278.5,2.6,5.0,6.0,10.1,20.85
2022-12-30,1020,196.0,5.5,9.3,10.5,16.9,8.2
2023-01-02,360,198.0,3.7,4.4,20.0,28.4,
2023-01-03,1380,337.2000000000007,5.3,9.0,10.3,24.5,28.95
2023-01-04,1380,205.0,4.8,9.7,15.0,12.55,53.1
2023-01-05,1380,241.79999999999927,4.2,6.8,7.8,13.1,10.3
2023-01-06,1020,414.7999999999993,5.2,9.5,15.3,26.9,32.7
2023-01-08,358,54.79999999999927,2.5,3.5,3.7,5.2,
2023-01-09,1380,265.2999999999993,4.0,6.8,8.7,11.85,16.85
2023-01-10,1380,207.5,4.0,6.5,7.8,8.75,16.45
2023-01-11,1380,253.0,3.2,3.8,6.0,8.7,14.0
2023-01-12,1380,288.7999999999993,3.2,6.0,9.3,10.5,46.2
2023-01-13,1020,230.5,4.7,8.0,9.6,18.2,19.0
2023-01-15,359,56.29999999999927,2.0,3.5,3.3,15.8,
2023-01-16,1140,109.29999999999927,2.3,5.8,8.6,12.45,
2023-01-17,1380,162.0,4.0,8.7,9.8,10.35,19.7
2023-01-18,1380,313.0,4.0,6.8,8.2,11.75,21.9
2023-01-19,1380,178.29999999999927,4.2,7.5,9.3,14.15,15.9
2023-01-20,1020,321.59999999999854,4.0,8.4,10.0,22.85,21.45
2023-01-22,359,34.70000000000073,1.6,3.2,4.0,4.2,
2023-01-23,1380,331.0,3.0,5.8,10.0,12.2,23.65
2023-01-24,1380,212.29999999999927,3.3,5.2,7.3,11.15,12.35
2023-01-25,1380,318.2999999999993,4.2,7.3,7.6,16.75,26.15
2023-01-26,1380,208.79999999999927,3.7,8.5,12.3,18.7,24.55
2023-01-27,1020,292.5,3.8,8.0,7.6,14.7,23.0
2023-01-29,360,82.0,3.0,4.0,6.0,7.7,
2023-01-30,1380,257.40000000000146,4.7,6.7,10.0,13.6,18.35
2023-01-31,1380,285.0,3.7,6.7,12.2,18.35,11.95
2023-02-01,1380,504.59999999999854,3.5,7.8,7.8,15.0,31.9
2023-02-02,1380,441.7999999999993,5.2,9.5,22.8,20.15,46.1
2023-02-03,1020,326.7999999999993,7.0,16.0,23.8,41.7,52.1
2023-02-05,360,55.5,3.3,4.5,12.3,7.0,
2023-02-06,1380,152.70000000000073,4.8,7.3,14.4,13.65,32.5
2023-02-07,1379,359.2999999999993,4.6,6.8,11.8,19.1,26.15
2023-02-08,1380,295.7000000000007,4.3,7.4,7.3,13.35,27.95
2023-02-09,1380,362.0,4.8,8.0,13.0,24.5,30.0
2023-02-10,1020,203.0,5.7,8.7,20.0,15.25,33.25
2023-02-12,360,101.79999999999927,2.5,5.0,6.7,6.7,
2023-02-13,1380,283.7999999999993,3.6,7.3,6.0,19.3,24.1
2023-02-14,1380,296.5,4.4,7.4,10.2,18.55,29.15
2023-02-15,1380,268.59999999999854,3.8,7.0,9.6,9.2,24.0
2023-02-16,1380,382.5,3.7,7.7,10.5,17.4,16.15
2023-02-17,1020,158.0,5.8,8.8,11.8,16.25,27.45
2023-02-19,360,60.0,2.2,4.2,4.6,18.0,
2023-02-20,1139,84.0,2.7,4.4,6.5,6.65,
2023-02-21,1380,270.2999999999993,3.8,6.6,7.4,18.75,11.65
2023-02-22,1379,178.79999999999927,3.8,6.8,8.7,8.5,22.85
2023-02-23,1380,232.5,3.8,6.7,9.6,13.6,36.15
2023-02-24,1020,264.5,4.6,7.3,8.6,20.65,23.9
2023-02-26,360,57.0,2.0,3.5,5.6,13.2,
2023-02-27,1379,183.0,3.2,6.0,6.7,9.95,10.7
2023-02-28,1380,183.59999999999854,4.0,9.2,14.0,21.25,22.85
2023-03-01,1380,287.59999999999854,4.5,7.7,12.0,11.5,18.35
2023-03-02,1380,263.7000000000007,4.3,7.8,11.5,22.8,16.15
2023-03-03,1020,310.0,4.0,5.2,9.7,19.85,17.4
2023-03-05,360,101.79999999999927,3.0,6.2,9.7,6.8,
2023-03-06,1380,190.70000000000073,3.3,6.0,8.0,15.0,17.05
2023-03-07,1379,242.40000000000146,3.8,5.0,7.0,12.65,24.8
2023-03-08,1380,146.29999999999927,3.5,7.7,8.8,11.15,24.6
2023-03-09,1380,427.5,4.7,9.0,9.0,18.5,22.1
2023-03-10,1020,314.0,8.0,15.0,14.8,24.8,43.1
2023-03-12,360,225.5,7.5,14.8,22.2,28.3,
2023-03-13,1380,539.2999999999993,7.4,16.2,18.0,45.15,51.35
2023-03-14,1380,342.0,5.3,10.0,12.3,23.65,22.55
2023-03-15,1380,365.7000000000007,7.0,13.0,13.0,21.9,15.9
2023-03-16,1380,421.7999999999993,5.0,7.3,13.0,20.65,28.85
2023-03-17,1020,241.70000000000073,5.0,10.3,11.2,24.25,28.7
2023-03-19,360,94.0,4.0,6.2,13.0,9.0,
2023-03-20,1380,212.59999999999854,5.2,11.0,12.7,13.25,21.75
2023-03-21,1380,211.70000000000073,2.8,5.0,8.7,10.35,26.75
2023-03-22,1380,404.0,3.2,5.2,9.8,17.55,22.65
2023-03-23,1380,297.5,4.4,9.8,14.5,18.6,30.05
2023-03-24,1020,196.79999999999927,6.0,9.0,13.5,19.15,22.7
2023-03-26,360,58.70000000000073,2.5,4.3,5.7,8.3,
2023-03-27,1380,219.0,4.0,5.8,10.2,15.15,24.1
2023-03-28,1380,199.29999999999927,3.0,6.0,8.7,20.25,24.0
2023-03-29,1380,221.79999999999927,2.8,6.0,10.0,12.8,25.2
2023-03-30,1380,197.0,3.3,5.7,7.2,14.3,11.65
2023-03-31,1020,254.0,3.3,7.0,9.5,16.0,15.1
2023-04-02,360,75.5,3.0,3.8,9.4,10.4,
2023-04-03,1379,124.79999999999927,2.7,5.8,5.6,10.35,11.05
2023-04-04,1380,180.59999999999854,3.0,5.0,9.5,15.6,18.75
2023-04-05,1380,230.0,3.3,3.8,7.0,11.65,17.5
2023-04-06,1379,237.79999999999927,2.8,4.7,8.0,12.2,17.1
2023-04-07,554,70.20000000000073,1.7,2.3,2.95,5.0,
2023-04-09,360,72.20000000000073,2.2,2.3,3.2,8.3,
2023-04-10,1380,219.0,3.0,7.3,9.8,11.25,22.1
2023-04-11,1379,155.29999999999927,2.4,4.0,7.0,9.15,7.55
2023-04-12,1380,316.2999999999993,3.0,6.3,9.8,15.5,32.65
2023-04-13,1380,270.7999999999993,3.0,4.7,9.2,17.35,14.8
2023-04-14,1020,197.0,4.0,7.7,9.0,21.15,17.25
2023-04-16,360,40.79999999999927,1.7,3.0,3.0,8.8,
2023-04-17,1379,141.20000000000073,2.6,5.0,5.6,12.4,20.5
2023-04-18,1379,160.79999999999927,2.7,4.8,6.7,12.15,20.85
2023-04-19,1380,161.79999999999927,3.5,5.2,7.2,14.3,11.0
2023-04-20,1380,178.20000000000073,3.0,6.2,9.2,17.5,21.5
2023-04-21,1020,139.5,4.3,7.4,12.7,19.2,18.15
2023-04-23,360,28.599999999998545,2.0,3.2,3.2,4.0,
2023-04-24,1380,166.79999999999927,3.0,4.5,6.0,11.05,12.15
2023-04-25,1380,227.20000000000073,3.5,5.2,9.0,8.6,10.3
2023-04-26,1380,148.40000000000146,3.4,5.7,8.8,11.9,20.7
2023-04-27,1380,381.2000000000007,3.2,5.8,7.6,11.85,13.75
2023-04-28,1020,167.0,4.2,7.0,7.5,9.95,14.5
2023-04-30,360,47.79999999999927,1.5,2.0,3.8,4.2,
2023-05-01,1380,111.40000000000146,2.5,5.0,6.8,7.3,16.1
2023-05-02,1380,224.59999999999854,3.0,5.3,8.0,9.0,17.5
2023-05-03,1379,269.7999999999993,3.7,6.0,8.0,15.2,16.4
2023-05-04,1380,171.20000000000073,4.3,7.3,11.4,12.6,24.65
2023-05-05,1020,282.7999999999993,4.0,4.4,8.5,11.0,19.1
2023-05-07,360,38.599999999998545,1.7,3.7,7.7,6.4,
2023-05-08,1378,113.5,2.0,3.3,5.2,6.75,13.7
2023-05-09,1380,96.5,2.2,3.7,5.5,10.8,11.1
2023-05-10,1380,245.0,2.8,5.0,9.0,12.65,35.95
2023-05-11,1380,132.70000000000073,3.0,4.7,6.0,12.0,9.95
2023-05-12,1020,183.29999999999927,3.2,5.8,10.8,11.65,25.5
2023-05-14,360,44.20000000000073,1.7,3.0,3.6,11.3,
2023-05-15,1380,128.5,2.0,4.0,6.3,6.35,13.0
2023-05-16,1380,128.29999999999927,2.2,5.3,5.5,9.05,15.65
2023-05-17,1380,194.79999999999927,2.3,4.8,7.4,8.75,20.6
2023-05-18,1380,328.7000000000007,3.0,3.7,6.5,12.25,24.75
2023-05-19,1020,117.59999999999854,4.2,6.0,12.7,13.55,19.0
2023-05-21,360,79.79999999999927,2.0,2.3,5.0,8.7,
2023-05-22,1380,154.70000000000073,2.7,4.3,6.3,9.45,13.1
2023-05-23,1380,228.20000000000073,2.8,5.0,7.0,14.7,16.35
2023-05-24,1380,317.2999999999993,3.6,7.2,10.7,20.65,23.7
2023-05-25,1380,204.70000000000073,3.8,7.3,12.5,21.3,27.15
2023-05-26,1020,426.2000000000007,4.3,9.2,10.8,19.5,13.7
2023-05-28,360,73.0,3.0,5.0,6.4,5.2,
2023-05-29,1140,64.70000000000073,2.2,2.5,4.5,6.35,
2023-05-30,1380,233.20000000000073,4.0,7.0,9.3,16.8,27.75
2023-05-31,1380,164.0,4.2,6.5,10.5,12.2,28.15
2023-06-01,1380,276.2000000000007,3.2,6.0,9.8,11.1,24.25
2023-06-02,1020,159.59999999999854,3.8,6.3,11.0,12.3,11.45
2023-06-04,360,66.70000000000073,2.3,4.5,4.7,8.7,
2023-06-05,1380,178.59999999999854,2.8,5.0,7.0,11.6,15.9
2023-06-06,1378,119.29999999999927,3.3,5.2,7.3,10.5,24.65
2023-06-07,1380,370.7999999999993,3.0,5.3,8.0,9.0,23.65
2023-06-08,1380,270.0,3.7,5.8,9.5,11.85,24.3
2023-06-09,1020,227.29999999999927,4.2,6.8,10.8,22.4,19.9
2023-06-11,357,224.29999999999927,2.5,5.0,11.0,175.0,
2023-06-12,1378,474.7000000000007,3.0,6.3,10.6,15.75,14.3
2023-06-13,1380,188.20000000000073,3.6,7.0,9.3,15.0,34.9
2023-06-14,1379,267.5,3.6,5.7,9.5,12.15,35.25
2023-06-15,1380,375.0,5.0,9.0,9.3,17.65,20.35
2023-06-16,1020,217.0,5.6,9.3,12.2,14.0,20.6
2023-06-18,360,52.70000000000073,2.2,3.0,3.5,16.6,
2023-06-19,1139,81.79999999999927,2.5,3.8,5.5,8.55,
2023-06-20,1380,184.29999999999927,3.5,5.8,10.3,10.55,19.9
2023-06-21,1379,263.59999999999854,3.4,6.8,7.5,15.5,21.85
2023-06-22,1380,274.0,3.8,5.6,8.3,16.3,27.75
2023-06-23,1020,190.79999999999927,5.0,9.5,18.2,18.3,28.3
2023-06-25,360,59.79999999999927,2.5,4.0,5.2,8.3,
2023-06-26,1380,299.0,4.2,6.8,9.6,15.25,20.25
2023-06-27,1380,266.0,3.5,6.5,9.8,12.65,27.0
2023-06-28,1380,197.79999999999927,3.5,6.7,12.2,13.5,37.4
2023-06-29,1378,174.29999999999927,3.3,6.7,8.7,14.1,20.15
2023-06-30,1020,256.0,3.3,5.5,9.8,16.0,16.75
2023-07-02,360,32.0,1.8,2.8,5.0,11.0,
2023-07-03,1153,84.0,2.3,3.75,5.4,7.2,
2023-07-04,1139,37.5,1.4,2.0,3.5,4.5,
2023-07-05,1380,176.79999999999927,3.0,5.0,10.5,14.5,26.1
2023-07-06,1380,195.5,3.8,7.5,9.0,11.2,22.35
2023-07-07,1019,187.59999999999854,4.2,7.2,12.5,15.7,29.25
2023-07-09,360,78.29999999999927,3.0,6.7,11.0,8.2,
2023-07-10,1380,155.0,3.7,8.2,10.0,13.1,29.05
2023-07-11,1379,172.0,2.8,6.8,8.6,15.0,26.75
2023-07-12,1380,238.79999999999927,2.7,5.0,8.3,5.65,21.5
2023-07-13,1380,254.70000000000073,3.2,5.5,8.5,10.15,19.55
2023-07-14,1020,194.20000000000073,3.4,6.0,8.3,12.7,30.75
2023-07-16,360,28.700000000000728,2.0,4.4,6.2,6.2,
2023-07-17,1380,209.59999999999854,2.3,4.8,6.3,6.4,15.6
2023-07-18,1380,296.7999999999993,2.5,4.0,7.0,9.15,16.6
2023-07-19,1380,220.59999999999854,3.2,5.7,6.3,12.0,17.15
2023-07-20,1380,357.2000000000007,3.5,6.2,11.0,14.1,22.65
2023-07-21,1020,197.0,4.0,9.0,16.4,22.25,30.25
2023-07-23,360,38.5,2.3,4.4,6.3,10.7,
2023-07-24,1379,135.0,3.2,5.6,7.2,9.75,14.1
2023-07-25,1380,184.20000000000073,3.0,5.0,8.5,11.5,22.5
2023-07-26,1380,195.5,3.3,6.2,9.2,17.65,20.25
2023-07-27,1380,392.7999999999993,4.3,7.8,12.2,11.15,49.5
2023-07-28,1020,349.7999999999993,5.5,10.5,12.3,23.45,12.55
2023-07-30,360,121.20000000000073,3.3,7.6,9.7,31.7,
2023-07-31,1380,113.79999999999927,3.0,5.0,9.2,12.35,12.25
2023-08-01,1380,190.5,4.0,7.5,8.8,14.1,5.95
2023-08-02,1380,317.5,4.6,8.8,12.0,21.2,34.15
2023-08-03,1380,212.29999999999927,4.8,11.3,13.0,23.15,33.8
2023-08-04,1020,273.7000000000007,6.8,10.8,19.6,32.0,33.25
2023-08-06,360,87.0,3.0,5.0,11.2,8.0,
2023-08-07,1380,163.59999999999854,3.7,7.0,12.0,15.8,19.0
2023-08-08,1380,228.0,3.7,5.7,9.2,17.0,18.65
2023-08-09,1380,286.0,3.8,6.0,13.0,20.0,28.6
2023-08-10,1380,306.2000000000007,4.2,8.5,10.5,17.4,28.35
2023-08-11,1020,204.59999999999854,5.5,8.5,14.7,17.15,20.6
2023-08-13,360,128.20000000000073,3.0,6.3,8.3,16.6,
2023-08-14,1380,300.0,4.8,9.2,11.2,16.5,19.5
2023-08-15,1380,255.70000000000073,4.2,5.3,11.8,9.25,22.25
2023-08-16,1380,278.5,4.0,8.8,15.2,11.45,28.8
2023-08-17,1380,286.7000000000007,4.3,7.6,12.3,20.0,25.3
2023-08-18,1020,193.59999999999854,6.0,7.6,8.5,16.4,9.0
2023-08-20,360,60.70000000000073,2.8,4.4,9.7,7.3,
2023-08-21,1380,293.2999999999993,3.8,8.0,10.3,16.65,19.75
2023-08-22,1380,186.20000000000073,4.3,7.5,8.0,17.75,23.85
2023-08-23,1380,441.59999999999854,4.5,8.5,12.0,17.45,20.2
2023-08-24,1380,601.0,5.0,9.2,13.3,15.1,32.5
2023-08-25,1020,297.0,6.5,8.7,15.4,26.7,34.55
2023-08-27,360,56.29999999999927,3.5,6.5,8.3,3.0,
2023-08-28,1378,150.70000000000073,3.5,5.7,8.0,15.3,16.5
2023-08-29,1380,418.2000000000007,3.0,7.0,8.2,12.6,16.0
2023-08-30,1380,170.5,3.3,5.5,7.8,12.55,21.6
2023-08-31,1380,146.79999999999927,3.0,5.7,8.0,7.15,13.6
2023-09-01,1020,207.20000000000073,4.0,8.0,13.2,21.0,28.15
2023-09-03,359,42.29999999999927,2.0,3.0,3.2,7.8,
2023-09-04,1139,90.79999999999927,2.0,4.0,6.2,7.35,
2023-09-05,1380,168.59999999999854,3.4,6.8,13.0,12.2,22.15
2023-09-06,1380,207.29999999999927,3.0,4.7,6.8,6.8,20.4
2023-09-07,1380,230.0,3.4,7.8,12.0,15.45,20.85
2023-09-08,1020,167.79999999999927,4.8,9.0,19.2,26.05,24.65
2023-09-10,360,233.0,2.3,4.2,6.3,6.5,
2023-09-11,1379,181.5,3.0,5.2,7.7,13.85,19.95
2023-09-12,1380,207.20000000000073,3.0,4.8,5.3,9.6,12.9
2023-09-13,1380,218.0,4.3,7.7,10.3,15.75,16.7
2023-09-14,1380,187.5,3.3,6.3,10.7,10.75,17.05
2023-09-15,1020,363.0,4.0,6.3,9.3,18.0,22.85
2023-09-17,360,40.29999999999927,2.0,3.5,2.6,11.0,
2023-09-18,1379,130.5,3.0,5.0,6.3,5.25,9.9
2023-09-19,1379,193.70000000000073,2.7,4.2,6.0,12.45,13.0
2023-09-20,1380,356.2000000000007,3.5,5.6,11.0,8.65,13.55
2023-09-21,1380,275.7999999999993,4.2,7.0,10.5,14.9,22.3
2023-09-22,1020,175.0,4.5,8.5,14.8,15.5,31.55
2023-09-24,359,60.29999999999927,2.3,3.2,7.7,10.4,
2023-09-25,1380,173.59999999999854,4.2,8.6,7.5,15.65,25.85
2023-09-26,1380,226.79999999999927,4.3,6.6,8.7,16.8,16.75
2023-09-27,1380,235.5,4.0,8.5,9.0,12.65,30.4
2023-09-28,1380,289.5,5.0,8.4,19.0,19.25,54.85
2023-09-29,1020,249.79999999999927,5.4,11.2,16.0,36.9,33.75
2023-10-01,360,75.79999999999927,3.0,4.8,3.3,12.6,
2023-10-02,1380,220.0,4.6,7.0,13.0,18.5,21.2
2023-10-03,1380,391.0,5.0,10.3,12.3,17.6,19.35
2023-10-04,1380,367.0,5.8,9.0,14.8,22.75,22.1
2023-10-05,1380,242.59999999999854,4.5,7.0,11.4,23.4,26.1
2023-10-06,1020,500.2000000000007,5.3,12.0,13.8,24.25,26.65
2023-10-08,360,61.70000000000073,3.7,5.7,8.3,7.3,
2023-10-09,1380,288.2999999999993,3.3,6.6,8.6,13.75,20.5
2023-10-10,1380,211.70000000000073,2.7,6.0,6.3,6.8,14.1
2023-10-11,1380,178.0,3.0,6.3,8.0,8.1,15.1
2023-10-12,1380,252.59999999999854,3.2,5.0,5.0,5.55,21.4
2023-10-13,1020,304.59999999999854,5.0,10.2,14.8,23.9,40.25
2023-10-15,360,67.5,2.5,6.2,9.7,8.2,
2023-10-16,1380,253.79999999999927,3.8,6.0,7.4,14.1,15.0
2023-10-17,1380,259.0,4.0,8.3,12.0,16.25,29.05
2023-10-18,1380,244.59999999999854,4.4,7.0,10.0,17.75,20.3
2023-10-19,1380,320.7000000000007,5.0,7.5,12.4,17.65,25.75
2023-10-20,1020,242.5,5.5,9.3,15.3,25.35,21.65
2023-10-22,360,53.5,2.2,5.2,5.5,10.5,
2023-10-23,1380,339.59999999999854,5.0,7.3,9.0,20.5,26.25
2023-10-24,1380,242.79999999999927,4.3,8.0,14.0,13.95,22.9
2023-10-25,1380,489.7999999999993,5.2,9.3,10.3,16.15,18.15
2023-10-26,1380,318.7999999999993,6.0,11.0,16.0,20.5,47.85
2023-10-27,1020,198.0,5.5,10.2,12.0,26.1,21.9
2023-10-29,360,48.79999999999927,2.0,5.8,4.0,6.0,
2023-10-30,1380,170.29999999999927,3.6,7.0,9.0,13.2,29.1
2023-10-31,1380,192.59999999999854,4.0,6.5,12.8,12.4,33.4
2023-11-01,1380,406.7000000000007,4.0,5.7,10.0,19.85,21.75
2023-11-02,1380,236.40000000000146,3.0,4.7,5.0,9.8,5.7
2023-11-03,1020,297.0,3.3,5.3,7.3,11.05,19.55
2023-11-05,360,39.70000000000073,1.8,2.0,4.3,5.4,
2023-11-06,1380,119.5,3.2,4.5,5.2,7.5,8.6
2023-11-07,1380,236.20000000000073,2.8,5.0,9.3,10.8,21.65
2023-11-08,1380,130.70000000000073,2.7,3.8,4.7,8.15,15.95
2023-11-09,1380,246.0,3.0,6.7,8.0,14.5,25.95
2023-11-10,1020,405.59999999999854,3.8,6.5,12.7,20.4,27.45
2023-11-12,360,91.70000000000073,1.6,3.0,6.0,14.8,
2023-11-13,1380,124.29999999999927,2.7,3.7,6.7,7.6,15.35
2023-11-14,1380,381.0,2.7,5.0,7.2,7.9,19.35
2023-11-15,1380,225.5,3.5,6.2,9.0,21.5,12.2
2023-11-16,1380,110.0,2.8,5.0,7.0,9.3,18.6
2023-11-17,1020,115.0,3.4,7.2,5.2,10.1,5.6
2023-11-19,360,55.599999999998545,1.8,4.0,1.3,2.0,
2023-11-20,1380,285.2999999999993,2.5,4.8,5.0,14.05,7.65
2023-11-21,1380,201.79999999999927,2.7,4.2,5.4,10.8,14.4
2023-11-22,1379,230.70000000000073,2.5,4.7,8.8,9.0,21.0
2023-11-23,1140,38.0,1.6,2.8,5.0,7.2,
2023-11-24,795,89.70000000000073,2.8,4.5,7.7,10.7,
2023-11-26,360,70.20000000000073,1.5,3.0,6.8,14.5,
2023-11-27,1380,149.40000000000146,2.6,5.0,8.0,12.6,11.55
2023-11-28,1380,141.29999999999927,2.6,4.3,7.8,13.75,12.35
2023-11-29,1380,195.0,2.6,5.5,8.6,12.3,13.6
2023-11-30,1380,242.5,2.6,4.8,7.0,16.35,20.55
2023-12-01,1020,186.0,3.5,6.7,12.4,16.1,25.6
2023-12-03,360,59.5,1.8,3.3,5.7,8.0,
2023-12-04,1380,282.2999999999993,2.7,5.0,8.0,17.8,15.1
2023-12-05,1380,228.59999999999854,3.7,6.3,8.7,22.05,8.9
2023-12-06,1380,238.0,3.0,6.2,7.7,12.85,21.0
2023-12-07,1380,275.0,3.0,4.7,8.0,8.85,15.4
2023-12-08,1020,230.59999999999854,3.7,5.4,7.7,17.0,14.15
2023-12-10,360,221.29999999999927,2.2,3.3,9.0,17.5,
2023-12-11,1378,425.7999999999993,2.8,6.0,8.2,14.3,18.55
2023-12-12,1380,216.70000000000073,2.3,3.0,6.5,11.0,13.9
2023-12-13,1380,309.0,3.0,5.4,9.5,13.2,17.65
2023-12-14,1380,255.79999999999927,3.2,4.7,9.2,13.5,18.2
2023-12-15,1020,130.40000000000146,3.0,4.6,8.4,13.35,19.25
2023-12-17,360,51.0,1.5,2.7,4.8,4.3,
2023-12-18,1380,166.0,2.3,4.3,5.5,7.35,13.65
2023-12-19,1380,128.0,2.0,3.5,4.0,5.85,4.85
2023-12-20,1380,315.0,2.5,4.0,6.0,8.6,14.35
2023-12-21,1380,155.20000000000073,3.2,5.6,6.5,10.95,9.5
2023-12-22,1020,150.0,3.5,5.8,9.3,9.4,14.45
2023-12-25,360,64.29999999999927,1.2,3.0,3.5,8.2,
2023-12-26,1380,126.40000000000146,2.0,3.7,4.8,5.4,10.0
2023-12-27,1380,100.29999999999927,2.0,3.7,5.5,8.35,13.25
2023-12-28,1380,87.40000000000146,1.7,3.0,4.8,7.15,8.5
2023-12-29,1020,192.79999999999927,2.7,4.0,6.0,8.25,19.85
2024-01-01,360,37.5,1.8,2.4,5.8,6.6,
2024-01-02,1380,414.2999999999993,3.0,5.2,8.0,21.6,31.85
2024-01-03,1380,207.5,3.3,6.0,9.7,19.45,25.25
2024-01-04,1380,151.20000000000073,3.3,5.2,7.8,14.15,19.2
2024-01-05,1020,243.0,4.5,8.0,14.7,17.15,27.6
2024-01-07,360,62.20000000000073,1.8,3.5,5.5,13.3,
2024-01-08,1380,433.0,3.0,6.0,9.4,14.0,19.15
2024-01-09,1379,210.70000000000073,3.4,6.3,11.0,12.9,22.2
2024-01-10,1380,208.0,3.5,5.7,10.0,17.3,22.8
2024-01-11,1380,304.0,3.7,6.8,8.5,12.9,38.55
2024-01-12,1020,176.0,5.7,7.6,13.3,22.4,19.25
2024-01-14,360,54.20000000000073,1.8,3.3,8.8,16.0,
2024-01-15,1140,142.40000000000146,3.0,5.3,7.0,8.35,
2024-01-16,1380,222.0,4.0,8.3,13.7,16.15,37.05
2024-01-17,1380,232.59999999999854,4.4,8.2,13.0,15.15,32.3
2024-01-18,1380,335.5,4.3,7.2,11.8,17.7,24.0
2024-01-19,1020,323.40000000000146,4.7,9.5,16.5,21.6,21.65
2024-01-21,360,103.0,3.0,4.5,4.7,4.7,
2024-01-22,1380,151.0,3.5,6.6,11.5,6.25,22.85
2024-01-23,1380,187.70000000000073,3.0,6.0,6.4,11.75,15.25
2024-01-24,1380,223.70000000000073,4.0,6.0,8.8,11.85,28.35
2024-01-25,1380,268.5,5.0,7.7,7.5,18.65,26.8
2024-01-26,1020,166.0,6.2,13.0,20.8,20.1,25.4
2024-01-28,360,89.70000000000073,2.5,5.2,7.0,11.0,
2024-01-29,1380,216.0,3.3,5.0,8.3,10.25,17.75
2024-01-30,1379,318.7999999999993,3.5,6.2,9.0,16.5,11.35
2024-01-31,1380,262.5,4.3,8.5,14.2,25.35,19.6
2024-02-01,1380,384.0,4.2,7.3,9.5,17.4,22.65
2024-02-02,1020,310.0,4.3,8.8,12.3,14.75,27.2
2024-02-04,360,64.20000000000073,2.3,7.2,4.3,5.6,
2024-02-05,1380,191.29999999999927,3.3,5.6,8.8,22.5,27.9
2024-02-06,1380,208.20000000000073,3.3,6.4,11.7,15.6,16.1
2024-02-07,1380,245.70000000000073,3.2,4.7,6.8,14.6,11.75
2024-02-08,1379,104.29999999999927,2.4,4.3,6.0,8.65,18.0
2024-02-09,1020,211.0,3.0,5.0,10.2,14.5,14.35
2024-02-11,356,40.79999999999927,1.6,1.5,1.7,2.5,
2024-02-12,1377,210.29999999999927,2.2,4.3,6.0,7.35,18.4
2024-02-13,1380,421.2000000000007,4.0,6.8,9.3,12.35,24.5
2024-02-14,1380,204.5,3.0,5.5,8.3,10.95,25.0
2024-02-15,1380,187.70000000000073,3.8,5.6,8.0,11.5,13.15
2024-02-16,1020,311.0,4.0,10.0,9.5,28.35,22.5
2024-02-18,360,77.29999999999927,2.4,5.8,6.4,17.4,
2024-02-19,1140,140.29999999999927,2.7,4.6,5.2,9.2,
2024-02-20,1380,272.2999999999993,4.5,7.5,15.7,20.95,30.65
2024-02-21,1380,429.2000000000007,4.8,8.0,13.2,18.3,19.65
2024-02-22,1380,303.7999999999993,3.5,6.8,10.3,15.4,31.7
2024-02-23,1020,198.79999999999927,4.3,7.2,9.2,13.4,35.15
2024-02-25,360,66.20000000000073,2.2,6.7,5.7,10.0,
2024-02-26,1380,130.5,3.2,6.7,6.3,12.8,19.75
2024-02-27,1380,131.40000000000146,2.5,6.3,8.8,10.05,15.6
2024-02-28,1380,161.79999999999927,3.6,5.3,10.0,22.25,21.35
2024-02-29,1380,306.0,3.8,6.8,9.0,17.9,13.65
2024-03-01,1020,343.2999999999993,4.0,7.6,13.6,27.0,24.7
2024-03-03,360,39.0,2.0,3.7,3.7,4.4,
2024-03-04,1380,192.29999999999927,3.4,5.2,7.2,10.5,17.5
2024-03-05,1380,376.5,4.2,8.5,15.0,15.4,24.9
2024-03-06,1380,242.0,4.8,7.6,13.4,24.1,32.4
2024-03-07,1380,444.2000000000007,5.0,7.4,10.0,16.35,16.75
2024-03-08,1020,424.0,6.0,11.3,12.4,24.5,52.75
2024-03-10,360,326.59999999999854,3.8,10.3,15.5,51.8,
2024-03-11,1380,338.2000000000007,4.8,9.2,14.7,14.95,29.3
2024-03-12,1380,317.0,3.5,6.3,9.3,14.85,26.5
2024-03-13,1380,225.0,3.0,6.4,8.2,11.4,13.65
2024-03-14,1380,267.0,3.4,6.2,11.0,15.2,37.7
2024-03-15,1020,316.59999999999854,5.2,8.0,12.8,19.1,24.75
2024-03-17,360,64.79999999999927,2.6,4.5,5.5,8.0,
2024-03-18,1380,258.5,4.3,7.5,11.2,19.05,28.85
2024-03-19,1380,236.0,3.8,9.0,10.2,13.7,22.8
2024-03-20,1380,362.5,3.8,7.7,12.7,18.6,34.7
2024-03-21,1380,177.0,3.4,6.4,11.4,14.35,22.55
2024-03-22,1020,134.0,4.6,9.0,11.2,20.85,15.4
2024-03-24,360,48.400000000001455,2.8,4.8,7.0,14.4,
2024-03-25,1380,161.70000000000073,3.0,5.3,6.8,9.7,11.9
2024-03-26,1380,179.79999999999927,2.8,6.2,9.5,10.9,18.3
2024-03-27,1380,193.29999999999927,3.2,5.2,7.6,18.0,13.9
2024-03-28,1020,91.29999999999927,3.7,7.2,11.0,10.85,12.15
2024-03-31,360,111.5,2.0,4.3,7.0,13.2,
2024-04-01,1380,192.5,3.0,5.6,8.7,13.6,16.35
2024-04-02,1380,309.5,3.7,6.0,10.7,12.35,16.0
2024-04-03,1380,252.5,3.6,6.3,9.2,18.6,17.75
2024-04-04,1380,514.7999999999993,4.0,7.2,8.0,18.1,18.1
2024-04-05,1020,356.7000000000007,5.8,10.2,10.0,6.65,30.9
2024-04-07,360,102.0,3.2,5.5,11.8,4.0,
2024-04-08,1380,138.5,3.7,8.8,8.0,19.95,10.9
2024-04-09,1380,246.40000000000146,3.3,6.0,10.8,13.0,23.15
2024-04-10,1379,420.7000000000007,5.0,7.3,9.8,11.1,20.85
2024-04-11,1380,430.7999999999993,3.5,7.2,6.7,7.75,20.7
2024-04-12,1019,387.59999999999854,4.7,8.6,16.5,24.35,30.65
2024-04-14,360,108.20000000000073,4.5,7.8,7.3,16.3,
2024-04-15,1380,555.0,4.7,8.7,9.0,17.2,20.3
2024-04-16,1380,196.0,4.7,7.6,10.8,21.0,23.9
2024-04-17,1380,353.2999999999993,4.0,7.0,11.3,28.95,25.15
2024-04-18,1380,589.0,6.7,10.4,16.2,18.7,26.15
2024-04-19,1020,440.0,8.5,14.8,15.5,24.4,35.45
2024-04-21,360,77.20000000000073,4.4,7.4,11.0,20.2,
2024-04-22,1380,299.5,5.0,7.6,14.8,20.9,29.35
2024-04-23,1380,427.7000000000007,4.4,7.7,10.5,19.9,14.8
2024-04-24,1380,358.0,4.6,6.5,13.2,22.9,29.1
2024-04-25,1380,519.2999999999993,5.2,12.7,13.0,31.7,34.9
2024-04-26,1020,233.29999999999927,4.8,10.3,12.3,7.1,17.0
2024-04-28,360,59.79999999999927,1.7,3.8,4.6,9.0,
2024-04-29,1380,157.79999999999927,3.0,5.3,5.5,9.6,18.6
2024-04-30,1380,458.0,4.3,6.7,7.8,19.5,25.3
2024-05-01,1380,394.0,4.8,7.7,12.0,29.2,46.8
2024-05-02,1379,422.0,4.5,9.2,10.4,17.25,27.6
2024-05-03,1020,330.7000000000007,3.7,7.0,12.7,13.9,15.55
2024-05-05,360,68.79999999999927,2.0,3.0,4.7,7.2,
2024-05-06,1380,217.40000000000146,2.5,4.2,7.0,11.8,7.6
2024-05-07,1378,115.20000000000073,2.6,4.2,6.4,9.6,6.75
2024-05-08,1378,169.70000000000073,3.0,5.7,9.3,10.4,17.1
2024-05-09,1379,141.0,2.6,5.2,6.8,9.55,17.1
2024-05-10,1020,159.5,4.0,6.0,7.8,12.1,11.3
2024-05-12,360,50.70000000000073,1.7,2.3,4.7,6.5,
2024-05-13,1380,101.20000000000073,2.3,3.8,5.0,7.3,7.6
2024-05-14,1380,272.7000000000007,2.5,4.5,6.5,9.45,12.25
2024-05-15,1380,345.7999999999993,2.5,4.5,4.8,6.55,17.9
2024-05-16,1379,127.59999999999854,2.5,4.4,6.8,8.0,11.8
2024-05-17,1020,141.79999999999927,2.8,5.7,6.4,10.15,12.25
2024-05-19,360,46.20000000000073,1.7,2.0,2.2,10.3,
2024-05-20,1378,159.29999999999927,2.3,4.0,4.7,6.45,8.05
2024-05-21,1380,146.0,2.0,4.2,5.7,8.2,16.85
2024-05-22,1380,281.59999999999854,3.2,5.0,10.0,12.0,13.25
2024-05-23,1380,401.7000000000007,3.3,6.3,9.4,14.95,35.75
2024-05-24,1020,243.20000000000073,3.5,5.3,8.7,13.15,12.35
2024-05-26,360,53.0,2.0,3.7,6.4,7.8,
2024-05-27,1140,107.79999999999927,2.2,3.8,3.4,7.8,
2024-05-28,1380,161.0,3.3,4.7,7.2,11.85,15.35
2024-05-29,1380,223.70000000000073,4.0,8.6,13.2,25.75,16.7
2024-05-30,1380,284.5,4.2,8.2,10.3,24.7,17.95
2024-05-31,1020,427.0,6.8,12.2,21.8,24.0,38.9
2024-06-02,360,114.29999999999927,3.5,6.4,5.8,22.2,
2024-06-03,1380,319.7000000000007,4.3,5.3,9.3,14.7,20.0
2024-06-04,1380,254.79999999999927,4.6,8.6,13.8,16.7,17.55
2024-06-05,1380,408.2000000000007,3.2,7.2,9.4,17.25,15.5
2024-06-06,1379,107.29999999999927,2.8,4.6,5.5,7.25,13.6
2024-06-07,1020,215.0,3.7,7.2,8.0,17.35,16.0
2024-06-09,360,50.79999999999927,2.0,4.5,5.0,4.0,
2024-06-10,1379,155.59999999999854,3.2,4.0,7.5,6.4,30.35
2024-06-11,1380,275.2999999999993,2.8,5.7,9.5,12.75,25.0
2024-06-12,1380,397.7999999999993,2.7,4.8,6.8,7.5,25.65
2024-06-13,1380,191.0,3.0,5.7,9.0,11.0,18.85
2024-06-14,1020,198.0,5.6,5.8,12.8,16.0,8.5
2024-06-16,360,308.2000000000007,2.3,4.5,6.7,254.5,
2024-06-17,1380,367.2000000000007,4.2,7.0,9.0,13.2,24.4
2024-06-18,1380,143.5,3.3,5.4,8.0,7.75,10.65
2024-06-19,1140,79.70000000000073,1.5,2.7,5.0,6.4,
2024-06-20,1380,412.7999999999993,4.0,7.0,12.7,16.85,31.55
2024-06-21,1020,171.79999999999927,7.0,9.0,17.8,34.05,19.85
2024-06-23,360,111.70000000000073,3.2,5.8,7.3,5.0,
2024-06-24,1380,302.0,4.8,9.4,11.0,20.35,20.55
2024-06-25,1380,282.5,3.8,7.0,8.8,14.1,29.1
2024-06-26,1380,196.29999999999927,3.8,7.8,9.5,22.0,12.7
2024-06-27,1380,230.40000000000146,3.2,6.7,9.0,18.25,22.1
2024-06-28,1020,367.0,4.4,8.8,14.3,16.1,24.5
2024-06-30,360,73.5,2.8,4.0,7.5,9.7,
2024-07-01,1380,262.2000000000007,4.4,8.3,12.0,19.6,17.05
2024-07-02,1380,349.2000000000007,3.7,7.5,9.5,16.9,25.3
2024-07-03,1153,230.20000000000073,2.7,5.5,7.1,10.4,
2024-07-04,1138,58.0,1.4,2.0,3.3,3.65,
2024-07-05,1020,266.5,4.0,6.7,7.0,6.95,17.2
2024-07-07,360,38.79999999999927,1.7,2.8,2.7,7.2,
2024-07-08,1379,165.79999999999927,2.8,5.0,6.0,9.35,19.2
2024-07-09,1380,156.0,2.2,3.8,5.3,8.8,16.5
2024-07-10,1380,220.59999999999854,2.5,3.8,5.8,11.0,10.0
2024-07-11,1380,606.5999999999985,3.5,6.7,8.2,9.5,53.2
2024-07-12,1020,406.0,5.7,9.8,15.0,21.8,36.5
2024-07-14,360,82.0,2.4,3.5,4.2,10.5,
2024-07-15,1380,290.7999999999993,3.2,5.4,10.5,13.5,37.45
2024-07-16,1380,220.0,4.0,7.4,8.2,17.15,21.0
2024-07-17,1380,572.2000000000007,5.7,9.2,16.0,19.0,30.7
2024-07-18,1380,403.7000000000007,6.2,11.8,23.3,22.9,35.8
2024-07-19,1020,325.7999999999993,7.3,16.8,32.0,18.95,39.0
2024-07-21,360,123.20000000000073,6.0,13.2,22.8,13.5,
2024-07-22,1380,304.0,5.0,11.5,18.0,17.85,28.05
2024-07-23,1380,298.59999999999854,6.0,9.5,14.5,24.15,21.0
2024-07-24,1380,632.2000000000007,6.8,14.0,19.0,26.3,25.4
2024-07-25,1380,507.2999999999993,9.2,15.0,19.0,34.2,63.05
2024-07-26,1020,257.59999999999854,7.2,14.8,22.2,40.85,37.55
2024-07-28,360,162.20000000000073,5.2,6.6,9.5,8.7,
2024-07-29,1378,301.2000000000007,6.5,12.5,16.6,18.8,49.0
2024-07-30,1380,594.7999999999993,6.0,11.0,19.3,21.95,51.75
2024-07-31,1380,622.0,6.6,10.0,15.4,30.15,35.25
2024-08-01,1380,1006.7999999999993,12.0,20.7,39.3,60.9,84.65
2024-08-02,1020,417.0,14.0,20.0,21.2,35.0,57.85
2024-08-04,360,367.5,11.3,18.3,28.8,54.2,
2024-08-05,1380,1086.0,21.5,38.2,56.6,116.9,92.25
2024-08-06,1380,517.2000000000007,13.3,28.0,35.8,62.3,34.65
2024-08-07,1380,816.7000000000007,12.0,22.0,28.5,59.55,69.7
2024-08-08,1380,738.0,9.8,22.2,16.3,49.4,13.6
2024-08-09,1020,291.5,10.2,16.2,28.8,52.1,35.15
2024-08-11,360,152.0,6.0,12.7,17.3,26.8,
2024-08-12,1380,241.70000000000073,4.7,10.0,14.2,16.5,54.85
2024-08-13,1380,505.7000000000007,4.8,7.8,17.5,28.85,21.5
2024-08-14,1380,299.2999999999993,4.8,10.3,15.7,16.8,38.8
2024-08-15,1380,539.7000000000007,5.0,10.0,17.8,23.4,24.0
2024-08-16,1020,235.5,5.8,10.7,14.0,26.1,28.25
2024-08-18,359,73.5,4.4,4.2,13.2,4.4,
2024-08-19,1380,389.2999999999993,4.8,7.5,12.5,24.9,24.5
2024-08-20,1379,188.0,4.4,7.0,11.3,13.4,31.95
2024-08-21,1380,210.29999999999927,4.5,9.0,13.7,16.9,32.1
2024-08-22,1380,483.2000000000007,4.8,7.6,10.0,13.1,68.55
2024-08-23,1020,312.40000000000146,5.6,10.0,13.6,11.45,65.4
2024-08-25,360,116.29999999999927,5.0,8.6,9.4,42.5,
2024-08-26,1379,340.7000000000007,4.5,10.3,13.0,26.8,36.0
2024-08-27,1380,252.70000000000073,4.6,8.0,11.4,15.5,19.15
2024-08-28,1380,550.7999999999993,5.4,11.2,20.5,24.0,52.9
2024-08-29,1380,419.5,7.0,10.8,20.0,27.9,32.0
2024-08-30,1020,262.2999999999993,6.0,12.6,18.7,18.4,35.85
2024-09-01,360,59.0,3.0,8.2,13.6,14.0,
2024-09-02,1140,172.0,3.8,8.0,8.2,9.45,
2024-09-03,1379,819.0,8.0,16.5,17.5,34.85,36.0
2024-09-04,1380,284.59999999999854,8.7,14.2,19.3,33.35,32.8
2024-09-05,1380,359.5,7.0,14.0,15.5,34.75,36.25
2024-09-06,1020,632.4000000000015,9.0,19.0,23.6,43.75,37.85
2024-09-08,360,156.0,5.5,8.2,11.8,17.3,
2024-09-09,1380,243.79999999999927,6.0,13.3,18.7,25.95,46.15
2024-09-10,1380,296.2999999999993,5.8,11.3,19.0,27.6,26.5
2024-09-11,1380,763.5,6.6,11.7,19.5,29.1,84.7
2024-09-12,1380,298.5,5.0,12.2,15.5,13.4,29.35
2024-09-13,1019,179.0,4.6,9.2,14.5,12.25,26.45
2024-09-15,358,290.0,3.2,7.0,12.7,23.3,
2024-09-16,1375,339.5,4.2,8.8,10.3,17.1,14.85
2024-09-17,1379,275.7000000000007,4.3,6.0,11.7,16.25,25.9
2024-09-18,1380,342.0,6.3,14.0,22.2,29.9,42.0
2024-09-19,1380,360.2000000000007,5.5,8.6,16.6,19.2,42.25
2024-09-20,1020,224.0,6.0,9.6,16.7,29.6,43.6
2024-09-22,360,167.79999999999927,4.6,5.8,10.3,19.2,
2024-09-23,1380,202.59999999999854,4.7,7.8,9.2,16.85,8.2
2024-09-24,1380,261.7999999999993,4.8,8.7,16.0,18.85,27.2
2024-09-25,1380,306.2999999999993,4.4,6.5,5.5,14.85,9.2
2024-09-26,1380,350.0,4.6,8.3,12.0,20.1,42.35
2024-09-27,1020,222.79999999999927,6.0,13.3,16.8,32.3,30.7
2024-09-29,360,133.5,4.3,9.3,18.2,37.0,
2024-09-30,1380,275.7999999999993,6.0,13.3,21.0,23.65,21.5
2024-10-01,1380,506.7999999999993,6.5,13.7,16.5,26.5,31.2
2024-10-02,1380,256.7000000000007,6.4,13.3,13.0,31.6,13.45
2024-10-03,1380,261.7999999999993,6.0,11.2,14.0,32.65,29.15
2024-10-04,1020,292.0,6.8,15.7,25.7,35.8,40.65
2024-10-06,360,66.0,4.6,6.4,9.6,18.4,
2024-10-07,1380,331.7000000000007,6.7,10.5,14.8,22.65,15.7
2024-10-08,1380,387.0,5.2,7.0,10.0,15.2,18.45
2024-10-09,1380,286.7999999999993,4.5,5.8,11.3,11.5,23.9
2024-10-10,1380,206.70000000000073,3.7,6.6,10.0,14.75,29.0
2024-10-11,1020,179.40000000000146,4.5,7.6,12.4,19.75,13.5
2024-10-13,360,67.59999999999854,2.8,5.0,7.8,13.8,
2024-10-14,1380,276.7999999999993,2.8,6.3,10.7,15.75,15.85
2024-10-15,1380,405.2000000000007,4.7,7.3,10.6,15.35,30.4
2024-10-16,1379,192.29999999999927,4.6,7.5,7.0,8.6,32.75
2024-10-17,1380,306.7999999999993,5.7,8.8,11.5,32.65,38.45
2024-10-18,1020,171.0,4.7,7.2,9.0,17.25,14.45
2024-10-20,360,50.20000000000073,3.0,4.2,7.0,8.0,
2024-10-21,1380,210.70000000000073,4.4,9.0,10.8,18.85,17.0
2024-10-22,1379,242.0,5.3,7.0,15.0,22.2,27.75
2024-10-23,1380,463.5,4.2,8.7,8.3,13.6,36.4
2024-10-24,1380,166.70000000000073,4.0,8.6,7.8,9.65,16.15
2024-10-25,1020,342.40000000000146,4.8,11.0,17.2,17.9,29.95
2024-10-27,360,123.79999999999927,4.0,5.5,11.5,19.0,
2024-10-28,1380,220.5,4.4,8.7,11.7,13.7,15.0
2024-10-29,1380,356.2999999999993,4.8,8.5,11.2,17.7,24.65
2024-10-30,1380,364.0,5.5,7.0,12.8,20.2,20.8
2024-10-31,1380,416.2999999999993,6.3,10.8,15.3,24.25,23.0
2024-11-01,1020,232.79999999999927,5.7,10.4,9.0,10.25,23.95
2024-11-03,360,178.0,3.5,9.5,19.5,15.8,
2024-11-04,1380,234.79999999999927,5.7,11.2,14.3,18.6,21.35
2024-11-05,1380,555.7000000000007,6.0,7.8,15.4,14.25,27.25
2024-11-06,1380,477.40000000000146,6.8,11.0,14.7,20.5,25.85
2024-11-07,1380,344.7999999999993,4.3,8.3,11.0,11.9,14.5
2024-11-08,1020,143.20000000000073,5.3,7.5,14.2,19.75,15.05
2024-11-10,360,71.0,2.8,4.0,8.0,9.2,
2024-11-11,1380,242.59999999999854,3.7,7.3,11.8,17.6,16.6
2024-11-12,1380,197.0,4.5,8.3,13.0,17.25,24.4
2024-11-13,1380,212.0,4.8,8.3,12.8,20.35,19.4
2024-11-14,1380,306.0,5.0,9.8,13.7,22.7,24.2
2024-11-15,1020,523.7999999999993,5.8,11.5,20.0,24.15,30.9
2024-11-17,360,181.0,3.5,11.2,14.3,26.4,
2024-11-18,1380,242.70000000000073,4.5,7.8,12.4,16.75,15.3
2024-11-19,1380,451.7000000000007,6.3,11.7,16.8,29.7,24.6
2024-11-20,1380,366.2000000000007,7.2,13.5,22.4,25.45,70.1
2024-11-21,1380,391.59999999999854,7.7,12.3,25.2,25.4,40.55
2024-11-22,1020,186.79999999999927,6.4,10.2,15.6,23.4,24.6
2024-11-24,360,42.0,1.8,3.3,4.2,2.5,
2024-11-25,1380,326.0,4.7,11.3,14.0,21.7,26.55
2024-11-26,1380,172.79999999999927,4.3,8.2,9.5,10.0,12.65
2024-11-27,1380,315.0,3.7,5.6,11.0,11.25,20.75
2024-11-28,1140,115.0,2.3,3.8,7.6,8.0,
2024-11-29,795,212.0,4.5,7.25,8.0,17.0,
2024-12-01,360,62.20000000000073,4.3,5.0,4.3,2.6,
2024-12-02,1380,319.7999999999993,3.8,6.0,7.7,12.15,16.75
2024-12-03,1379,220.29999999999927,2.7,4.7,6.5,8.9,22.75
2024-12-04,1380,210.70000000000073,3.0,5.7,9.0,9.05,19.0
2024-12-05,1380,142.40000000000146,2.8,4.5,5.2,10.75,8.7
2024-12-06,1020,229.0,3.8,7.0,6.2,13.65,13.2
2024-12-08,360,44.0,2.4,5.6,5.4,9.0,
2024-12-09,1380,270.2000000000007,3.5,6.8,7.7,11.0,20.8
2024-12-10,1380,254.0,3.2,6.0,6.2,10.05,17.3
2024-12-11,1380,414.2000000000007,3.2,5.0,7.0,9.5,8.0
2024-12-12,1379,168.29999999999927,4.2,6.8,10.6,17.9,17.1
2024-12-13,1020,241.5,4.8,9.7,13.3,21.0,28.0
2024-12-15,360,59.79999999999927,2.5,5.7,10.6,12.0,
2024-12-16,1379,665.7999999999993,3.5,7.8,10.0,15.85,16.95
2024-12-17,1379,219.5,4.5,7.6,14.3,17.4,19.05
2024-12-18,1380,1076.7999999999993,5.5,10.2,11.0,15.0,14.75
2024-12-19,1380,493.7999999999993,9.3,17.7,28.3,38.3,52.65
2024-12-20,1020,805.7000000000007,10.2,22.0,32.5,45.0,61.5
2024-12-22,360,143.0,4.5,11.3,14.5,19.0,
2024-12-23,1380,300.0,5.8,8.7,18.0,18.25,35.1
2024-12-24,795,311.59999999999854,4.15,9.25,11.15,13.8,
2024-12-25,360,68.0,2.6,4.2,6.2,4.5,
2024-12-26,1379,227.79999999999927,4.7,9.0,9.5,13.85,19.1
2024-12-27,1020,467.2000000000007,5.3,8.8,17.7,26.4,52.7
2024-12-29,360,72.29999999999927,5.0,7.5,8.7,12.7,
2024-12-30,1380,437.7999999999993,6.3,12.2,19.2,22.9,30.9
2024-12-31,1020,342.7999999999993,7.2,12.0,17.3,24.15,37.9
2025-01-01,360,218.0,8.7,16.8,23.0,13.0,
2025-01-02,1379,506.7000000000007,6.8,13.0,18.6,27.15,36.5
2025-01-03,1020,351.7000000000007,7.0,10.7,19.0,16.0,27.9
2025-01-05,360,66.59999999999854,4.2,3.7,6.3,1.3,
2025-01-06,1380,376.2999999999993,4.8,8.2,10.3,30.85,44.6
2025-01-07,1380,526.5,6.2,10.8,13.7,28.1,37.6
2025-01-08,1380,282.0,6.2,12.5,22.6,27.5,49.5
2025-01-09,930,155.0,4.3,9.8,14.05,24.0,
2025-01-10,1020,497.7000000000007,8.0,16.0,33.0,37.6,52.5
2025-01-12,360,178.5,5.5,8.4,15.3,21.5,
2025-01-13,1380,394.5,7.0,14.2,18.5,20.1,25.05
2025-01-14,1380,370.2999999999993,6.0,10.0,16.2,40.35,47.15
2025-01-15,1380,543.7999999999993,5.2,9.6,12.5,20.25,38.2
2025-01-16,1380,395.0,6.6,10.7,23.6,28.35,31.85
2025-01-17,1020,430.7000000000007,7.0,10.6,16.3,24.1,34.5
2025-01-19,360,91.5,4.4,7.0,7.3,9.3,
2025-01-20,1140,401.0,6.0,10.0,12.2,21.5,
2025-01-21,1380,351.0,5.2,11.0,16.0,29.85,26.15
2025-01-22,1380,254.0,4.0,6.4,9.0,17.05,23.05
2025-01-23,1380,203.0,4.0,8.0,8.8,9.75,11.95
2025-01-24,1020,234.20000000000073,5.0,9.2,13.2,13.7,12.5
2025-01-26,360,297.5,6.3,15.3,22.5,22.7,
2025-01-27,1380,743.0,11.8,23.8,37.0,58.25,60.95
2025-01-28,1380,466.5,7.0,14.4,20.4,18.9,19.15
2025-01-29,1380,330.0,6.0,11.8,15.5,17.85,21.2
2025-01-30,1380,368.2999999999993,6.4,12.5,22.8,36.0,35.6
2025-01-31,1020,432.2000000000007,6.5,9.6,19.6,28.1,37.0
2025-02-02,360,257.0,10.0,22.5,17.8,43.0,
2025-02-03,1380,601.7999999999993,9.0,13.8,23.3,34.35,28.65
2025-02-04,1380,451.5,7.0,10.2,20.4,29.85,31.6
2025-02-05,1380,376.40000000000146,5.0,8.0,12.2,19.75,16.25
2025-02-06,1380,193.40000000000146,4.7,9.0,15.0,21.3,26.85
2025-02-07,1020,415.2000000000007,5.6,10.5,17.3,13.25,49.05
2025-02-09,360,284.5,3.5,10.3,14.0,23.5,
2025-02-10,1380,211.0,4.0,8.8,11.2,13.7,13.85
2025-02-11,1380,202.0,4.2,8.8,15.2,25.6,25.3
2025-02-12,1379,416.2000000000007,5.0,9.0,13.0,28.0,26.85
2025-02-13,1380,394.0,4.4,9.5,12.2,26.2,33.05
2025-02-14,1020,182.5,4.2,9.0,14.5,22.65,12.35
2025-02-16,360,82.0,2.6,5.3,6.7,15.5,
2025-02-17,1140,89.29999999999927,2.6,4.7,6.7,10.75,
2025-02-18,1380,217.0,3.3,5.7,11.3,12.85,15.5
2025-02-19,1380,181.79999999999927,4.0,7.3,8.3,13.15,20.0
2025-02-20,1380,274.5,4.2,6.8,8.8,12.1,33.8
2025-02-21,1020,592.7000000000007,4.8,8.7,13.0,23.2,39.1
2025-02-23,360,119.40000000000146,4.7,7.2,15.7,16.5,
2025-02-24,1379,446.5,6.0,12.2,16.7,25.05,36.25
2025-02-25,1380,461.7999999999993,6.3,16.0,27.3,28.7,58.75
2025-02-26,1380,354.2000000000007,6.0,11.7,18.5,25.0,39.3
2025-02-27,1380,871.0,9.6,20.2,28.3,37.25,60.2
2025-02-28,1020,483.7000000000007,9.3,16.8,21.5,19.9,52.15
2025-03-02,360,198.40000000000146,6.7,13.3,24.5,31.3,
2025-03-03,1380,804.2000000000007,7.8,18.0,30.3,35.8,92.25
2025-03-04,1380,657.2999999999993,13.0,24.2,27.8,43.55,50.65
2025-03-05,1380,510.0,7.7,14.7,23.0,20.3,78.95
2025-03-06,1380,644.5,10.0,17.7,23.3,36.3,42.95
2025-03-07,1020,520.7000000000007,12.6,20.0,24.8,29.9,69.85
2025-03-09,360,224.29999999999927,8.0,18.7,19.8,26.8,
2025-03-10,1380,1013.2999999999993,13.8,23.0,32.5,54.4,67.7
2025-03-11,1380,485.7999999999993,10.6,18.7,29.2,38.6,104.4
2025-03-12,1380,401.7999999999993,8.2,18.3,28.8,55.65,68.9
2025-03-13,1380,461.0,9.3,20.2,29.0,49.5,66.35
2025-03-14,1020,372.5,8.6,14.3,15.6,15.1,27.35
2025-03-16,360,135.70000000000073,5.5,8.0,10.5,10.5,
2025-03-17,1380,506.2000000000007,6.4,12.5,16.3,76.0,75.0
2025-03-18,1379,491.2999999999993,6.4,12.0,21.0,15.75,28.5
2025-03-19,1380,483.0,6.3,12.2,15.3,24.7,44.15
2025-03-20,1380,369.7999999999993,5.6,12.8,17.5,27.15,27.25
2025-03-21,1020,375.2999999999993,8.0,14.6,16.6,39.6,24.15
2025-03-23,360,88.5,3.0,4.3,7.8,6.5,
2025-03-24,1380,313.5,4.3,7.2,6.8,14.75,6.1
2025-03-25,1380,243.79999999999927,4.0,7.0,10.3,13.7,18.4
2025-03-26,1380,495.0,5.0,9.6,17.2,28.7,35.25
2025-03-27,1380,268.2999999999993,6.2,10.2,15.8,19.55,38.25
2025-03-28,1020,651.2999999999993,7.2,14.8,27.5,30.65,33.15
2025-03-30,360,205.0,5.5,14.5,26.6,13.3,
2025-03-31,1380,513.0,9.0,16.7,19.7,31.4,33.4
2025-04-01,1380,435.7999999999993,8.8,18.3,24.2,32.25,43.75
2025-04-02,1377,1225.2000000000007,10.5,21.0,29.2,51.4,53.15
2025-04-03,1380,657.0,14.2,27.6,38.5,40.85,58.55
2025-04-04,1020,1288.2999999999993,26.2,38.0,68.2,75.0,83.75
2025-04-06,360,640.0,27.8,51.7,56.2,80.6,
2025-04-07,1380,1881.5,29.8,57.4,66.8,84.5,119.75
2025-04-08,1380,1517.7000000000007,24.3,41.6,54.3,111.7,126.5
2025-04-09,1380,2651.7999999999993,28.5,50.0,84.4,101.2,195.55
2025-04-10,1380,1267.5,25.7,41.0,52.2,94.9,148.1
2025-04-11,1020,603.5,19.0,43.8,44.7,60.15,62.6
2025-04-13,360,318.5,11.4,18.0,27.0,44.5,
2025-04-14,1380,518.5,10.0,20.2,31.0,54.85,38.2
2025-04-15,1380,508.59999999999854,8.7,15.3,19.8,31.45,35.9
2025-04-16,1380,745.0,11.2,15.4,20.2,48.55,47.4
2025-04-17,1020,391.2999999999993,11.2,23.4,27.4,34.5,40.45
2025-04-20,360,194.5,7.0,12.5,17.0,14.3,
2025-04-21,1380,556.7999999999993,8.2,13.5,21.2,23.95,42.75
2025-04-22,1380,831.0,9.5,19.2,26.8,56.8,75.65
2025-04-23,1380,483.7000000000007,9.3,17.5,27.8,40.55,56.0
2025-04-24,1380,875.0,10.2,20.5,28.5,40.6,24.25
2025-04-25,1020,372.7999999999993,10.7,17.5,31.0,43.0,49.2
2025-04-27,360,132.29999999999927,4.7,9.8,17.6,20.4,
2025-04-28,1380,373.7999999999993,7.8,13.0,18.0,35.15,33.35
2025-04-29,1380,310.5,7.5,13.7,13.3,23.25,39.85
2025-04-30,1380,859.4000000000015,8.0,16.8,22.8,24.7,36.9
2025-05-01,1380,376.2999999999993,8.7,12.8,20.0,32.4,29.5
2025-05-02,1020,412.7999999999993,9.4,13.0,27.7,30.0,28.35
2025-05-04,360,210.29999999999927,7.6,13.3,22.3,32.0,
2025-05-05,1380,259.2999999999993,6.0,11.3,10.5,14.3,20.25
2025-05-06,1380,394.7999999999993,8.5,16.8,24.2,40.25,28.0
2025-05-07,1380,491.2000000000007,7.5,15.8,19.0,32.7,61.25
2025-05-08,1380,358.2000000000007,6.2,13.2,17.7,28.65,42.65
2025-05-09,1020,230.79999999999927,6.5,10.5,11.2,17.25,22.3
2025-05-11,360,170.40000000000146,7.5,8.8,18.6,32.6,
2025-05-12,1380,475.5,7.7,13.8,19.0,28.35,37.5
2025-05-13,1380,528.5,5.3,7.7,13.3,20.15,22.75
2025-05-14,1380,181.29999999999927,5.0,10.2,15.5,15.05,14.0
2025-05-15,1380,337.7999999999993,6.5,10.5,21.2,31.9,39.65
2025-05-16,1020,191.79999999999927,5.7,11.8,13.6,19.1,17.5
2025-05-18,360,222.0,6.8,18.2,18.0,32.7,
2025-05-19,1380,449.7000000000007,6.8,14.0,24.2,27.35,32.6
2025-05-20,1380,189.0,6.0,12.0,15.2,21.8,21.8
2025-05-21,1380,485.7000000000007,7.7,13.3,16.8,33.0,52.9
2025-05-22,1380,297.5,7.2,10.7,16.0,30.5,26.85
2025-05-23,1020,504.0,9.0,15.6,26.3,32.65,27.65
2025-05-25,360,279.2999999999993,7.2,22.0,14.5,7.0,
2025-05-26,1140,166.29999999999927,4.2,8.8,11.7,14.0,
2025-05-27,1380,343.5,4.7,8.5,11.2,22.4,19.5
2025-05-28,1380,512.2999999999993,5.7,10.0,11.8,16.25,16.05
2025-05-29,1380,590.2999999999993,7.8,13.5,19.7,29.65,40.75
2025-05-30,1020,362.0,8.8,15.0,21.8,45.05,56.9
2025-06-01,360,122.0,3.8,10.5,10.0,6.2,
2025-06-02,1380,413.2000000000007,6.5,13.2,17.0,16.05,30.9
2025-06-03,1380,360.59999999999854,5.6,8.4,13.7,10.65,13.8
2025-06-04,1380,162.0,4.2,7.6,11.8,13.35,14.95
2025-06-05,1380,464.0,6.5,12.0,17.6,36.3,59.5
2025-06-06,1020,272.0,6.2,10.0,20.0,23.65,34.75
2025-06-08,360,104.79999999999927,3.7,6.0,9.0,10.6,
2025-06-09,1380,244.20000000000073,4.0,7.3,9.3,10.25,8.5
2025-06-10,1380,270.7999999999993,5.0,8.5,9.8,14.4,23.2
2025-06-11,1380,352.0,6.0,11.5,19.0,26.6,23.8
2025-06-12,1380,506.2000000000007,7.7,13.3,16.8,20.15,18.05
2025-06-13,1020,341.2999999999993,8.8,15.5,18.3,29.3,27.1
2025-06-15,360,436.2000000000007,5.8,11.4,17.0,12.2,
2025-06-16,1378,481.2000000000007,6.0,11.5,16.7,27.9,12.75
2025-06-17,1380,272.7999999999993,7.2,11.0,15.5,24.7,14.1
2025-06-18,1380,307.7999999999993,6.2,11.4,18.0,19.3,35.85
2025-06-19,1140,280.0,6.6,8.8,15.3,20.7,
2025-06-20,1020,365.5,6.5,14.7,23.2,41.5,57.5
2025-06-22,360,220.20000000000073,4.6,7.0,11.6,17.0,
2025-06-23,1380,533.2999999999993,7.0,11.8,14.4,25.2,15.3
2025-06-24,1380,228.0,4.2,8.3,10.6,19.55,14.0
2025-06-25,1380,159.70000000000073,3.5,6.5,9.2,12.5,11.6
2025-06-26,1380,237.5,4.0,6.2,7.6,17.9,9.6
2025-06-27,1020,225.5,4.2,9.3,12.2,32.4,31.3
2025-06-29,360,129.0,4.5,8.8,14.0,18.2,
2025-06-30,1380,153.79999999999927,4.0,8.7,12.3,8.75,12.5
2025-07-01,1380,283.5,4.7,6.2,10.2,17.0,27.65
2025-07-02,1380,300.0,4.0,6.4,12.0,9.0,11.4
2025-07-03,1154,272.5,3.2,6.4,7.1,14.4,
2025-07-04,780,133.20000000000073,4.3,5.2,6.0,14.4,
2025-07-06,360,114.0,4.2,6.2,7.7,16.5,
2025-07-07,1380,222.0,5.0,8.7,14.7,19.3,25.25
2025-07-08,1378,131.79999999999927,4.3,6.7,8.6,12.75,14.85
2025-07-09,1380,268.5,4.2,6.5,10.0,18.6,22.5
2025-07-10,1380,258.5,4.3,6.0,11.5,21.9,14.7
2025-07-11,1020,169.5,6.0,9.5,15.3,20.65,9.55
2025-07-13,360,87.5,3.6,5.2,9.6,4.5,
2025-07-14,1380,369.59999999999854,4.0,6.3,9.5,12.65,14.35
2025-07-15,1380,249.0,4.5,10.5,15.0,21.9,37.9
2025-07-16,1380,264.5,4.7,7.2,9.8,17.4,26.1
2025-07-17,1380,261.7999999999993,3.8,6.5,9.0,12.95,12.25
2025-07-18,1020,151.29999999999927,3.3,5.3,9.7,8.3,19.8
2025-07-20,360,73.40000000000146,1.7,3.3,5.0,13.6,
2025-07-21,1380,201.0,2.7,4.8,7.3,14.95,16.7
2025-07-22,1380,241.79999999999927,4.0,8.8,17.2,25.15,18.45
2025-07-23,1380,276.0,3.8,7.0,10.0,13.8,21.75
2025-07-24,1380,143.59999999999854,3.0,5.0,8.5,10.85,17.0
2025-07-25,1020,145.20000000000073,3.3,6.2,8.8,15.0,9.6
2025-07-27,360,62.5,2.5,4.8,8.0,10.5,
2025-07-28,1380,148.40000000000146,3.0,4.8,6.5,11.6,6.0
2025-07-29,1379,231.29999999999927,3.6,5.4,6.8,9.1,19.5
2025-07-30,1380,444.2999999999993,4.4,6.0,8.3,14.85,16.4
2025-07-31,1380,613.5,6.2,10.7,15.6,28.85,28.8
2025-08-01,1020,550.0,10.5,17.3,28.3,40.45,44.8
2025-08-03,360,166.70000000000073,6.0,6.5,12.0,19.7,
2025-08-04,1380,427.0,4.8,8.2,9.3,13.4,10.55
2025-08-05,1380,358.7000000000007,5.8,12.0,13.6,20.4,31.2
2025-08-06,1380,404.0,5.2,9.0,9.8,20.15,23.6
2025-08-07,1380,342.0,6.0,12.5,15.0,28.1,30.1
2025-08-08,1020,264.7999999999993,4.8,8.0,10.2,12.35,13.65
2025-08-10,360,72.0,2.0,4.8,4.0,19.7,
2025-08-11,1380,217.0,4.7,6.5,12.8,11.75,21.2
2025-08-12,1380,374.0,4.0,6.5,12.0,19.65,23.35
2025-08-13,1380,182.5,3.6,7.2,8.8,13.15,9.9
2025-08-14,1379,214.59999999999854,4.6,8.0,12.7,18.3,28.8
2025-08-15,1020,228.5,4.8,7.0,10.7,9.7,20.1
2025-08-17,360,86.79999999999927,2.3,3.5,6.2,8.0,
2025-08-18,1380,141.0,5.0,8.0,12.2,12.95,25.0
2025-08-19,1380,468.2999999999993,4.5,8.5,13.5,19.9,34.9
2025-08-20,1380,417.0,6.0,11.3,15.7,15.25,47.3
2025-08-21,1380,249.20000000000073,6.7,9.5,17.0,13.25,29.35
2025-08-22,1019,573.2000000000007,6.3,9.7,15.2,32.05,20.45
2025-08-24,360,87.0,4.0,8.0,11.8,18.8,
2025-08-25,1380,244.70000000000073,4.0,8.2,12.2,18.3,11.2
2025-08-26,1380,213.79999999999927,3.5,6.6,7.6,14.7,17.4
2025-08-27,1380,254.20000000000073,4.0,5.8,11.4,14.4,21.05
2025-08-28,1380,264.2999999999993,3.8,8.7,10.2,14.65,20.3
2025-08-29,1020,339.5,5.0,9.3,9.6,12.15,18.35
2025-08-31,360,120.70000000000073,4.0,7.2,10.8,21.3,
2025-09-01,1140,139.0,3.5,4.5,8.0,11.0,
2025-09-02,1380,426.7999999999993,6.2,10.2,18.0,29.6,38.35
2025-09-03,1380,224.0,6.0,11.7,9.3,16.9,13.85
2025-09-04,1380,332.7999999999993,4.0,8.0,10.0,15.7,14.0
2025-09-05,1020,397.0,5.5,10.0,14.0,24.6,26.25
2025-09-07,360,141.0,3.3,7.2,13.2,25.7,
2025-09-08,1380,163.5,3.7,7.0,10.2,10.25,21.1
2025-09-09,1380,195.20000000000073,4.3,6.3,8.0,6.55,14.5
2025-09-10,1379,259.2000000000007,4.3,6.4,8.0,15.65,17.9
2025-09-11,1380,208.0,3.2,6.0,7.5,7.65,11.25
2025-09-12,1020,190.0,3.4,5.3,7.5,12.85,18.05
2025-09-14,359,39.0,2.3,4.7,5.2,8.6,
2025-09-15,1379,513.5,3.6,6.4,8.4,10.2,9.75
2025-09-16,1380,148.0,2.8,5.4,8.0,13.8,9.6
2025-09-17,1380,403.0,4.7,7.3,13.0,15.95,23.2
2025-09-18,1380,229.5,5.2,9.6,17.0,19.35,33.15
2025-09-19,1020,233.0,5.0,8.5,12.8,12.6,10.45
2025-09-21,360,49.20000000000073,2.5,6.0,6.2,7.0,
2025-09-22,1379,278.40000000000146,3.0,5.8,7.7,12.65,11.6
2025-09-23,1380,245.5,3.4,6.0,11.2,11.7,16.9
2025-09-24,1380,286.5,3.5,6.3,8.8,11.5,17.5
2025-09-25,1380,366.0,6.0,11.0,15.0,24.1,41.35
2025-09-26,1020,227.5,6.7,13.6,20.4,29.5,22.7
2025-09-28,360,96.20000000000073,3.6,5.8,5.5,20.8,
2025-09-29,1380,195.0,3.8,8.4,14.5,17.4,18.35
2025-09-30,1380,191.59999999999854,5.5,10.2,13.7,22.75,28.7
2025-10-01,1380,443.2999999999993,4.5,6.5,11.5,20.85,16.85
2025-10-02,1380,186.20000000000073,3.2,5.8,11.3,19.4,12.1
2025-10-03,1020,273.2999999999993,5.0,6.4,12.4,22.65,23.25
2025-10-05,360,104.0,2.0,5.4,5.6,6.0,
2025-10-06,1380,207.29999999999927,4.0,6.7,8.0,16.45,13.95
2025-10-07,1380,290.2000000000007,4.5,8.3,15.0,13.75,24.5
2025-10-08,1380,367.7999999999993,3.7,8.0,13.7,13.0,16.8
2025-10-09,1380,207.0,3.8,8.3,13.7,11.75,32.65
2025-10-10,1020,1229.5,7.2,12.4,19.7,31.4,48.15
2025-10-12,360,313.5,6.4,16.5,20.7,40.3,
2025-10-13,1380,319.7000000000007,7.6,14.0,19.8,28.35,35.85
2025-10-14,1380,526.5,11.3,19.2,25.8,37.1,27.95
2025-10-15,1380,451.7999999999993,7.2,13.3,20.5,24.55,51.05
2025-10-16,1380,536.0,9.5,16.4,26.0,26.3,68.75
2025-10-17,1020,645.7999999999993,15.0,20.7,39.4,37.9,73.8
2025-10-19,360,143.40000000000146,4.7,11.6,14.6,20.5,
2025-10-20,1380,330.0,5.5,9.3,12.7,15.8,12.0
2025-10-21,1380,145.29999999999927,5.0,7.8,10.6,18.65,13.15
2025-10-22,1380,533.4000000000015,8.0,16.8,19.7,40.85,59.0
2025-10-23,1380,393.0,5.8,10.3,12.7,17.2,10.3
2025-10-24,1020,251.0,5.4,7.3,8.7,14.9,6.6
2025-10-26,360,73.0,4.0,6.7,10.8,15.0,
2025-10-27,1380,265.7999999999993,3.8,6.0,7.0,10.65,5.6
2025-10-28,1380,309.7999999999993,4.2,8.0,14.3,18.1,18.65
2025-10-29,1380,349.7999999999993,6.0,12.0,16.3,23.65,24.65
2025-10-30,1380,529.7999999999993,9.2,18.2,26.0,46.65,37.0
2025-10-31,1020,385.2000000000007,7.2,12.0,21.6,29.5,39.35
2025-11-02,360,110.20000000000073,5.2,6.2,17.0,27.2,
2025-11-03,1380,360.5,6.0,11.2,18.5,22.0,24.5
2025-11-04,1380,645.0,11.7,19.3,34.0,62.35,34.0
2025-11-05,1380,476.0,9.3,15.5,24.4,48.6,24.9
2025-11-06,1380,660.2000000000007,9.7,18.5,24.0,42.25,35.15
2025-11-07,1020,645.5999999999985,13.0,19.4,32.2,69.5,58.7
2025-11-09,360,220.0,7.3,8.7,17.2,27.4,
2025-11-10,1380,316.7999999999993,6.4,10.2,13.0,11.7,24.65
2025-11-11,1380,283.0,6.0,9.8,15.7,20.15,25.25
2025-11-12,1380,341.2000000000007,7.0,11.6,19.7,30.85,34.95
2025-11-13,1380,719.0,9.7,14.5,14.7,28.1,35.6
2025-11-14,1020,667.2000000000007,14.7,32.0,39.5,64.25,48.75
2025-11-16,360,262.7999999999993,5.2,18.8,19.0,48.0,
2025-11-17,1380,754.2000000000007,11.3,19.8,31.8,70.8,58.3
2025-11-18,1380,483.2999999999993,12.2,21.5,32.3,60.3,83.15
2025-11-19,1380,751.0,10.5,17.0,31.6,31.1,56.45
2025-11-20,1380,1292.0,12.8,22.7,29.2,52.5,86.4
2025-11-21,1020,691.7000000000007,21.2,30.3,47.8,89.3,94.85
2025-11-23,360,151.20000000000073,9.8,13.5,25.7,38.2,
2025-11-24,1380,631.7000000000007,8.0,14.7,17.7,28.15,22.3
2025-11-25,1380,594.5,7.0,12.0,16.2,27.0,35.95
2025-11-26,1380,257.5,5.2,9.5,13.8,17.25,20.0
2025-11-27,1003,82.20000000000073,3.1,4.5,7.7,7.15,
2025-11-28,285,168.79999999999927,8.7,17.25,11.8,10.9,
2025-11-30,360,318.7999999999993,8.2,11.7,17.2,38.7,
2025-12-01,1380,302.59999999999854,6.8,14.6,16.6,25.0,18.9
2025-12-02,1380,352.2000000000007,6.2,10.5,14.6,14.3,50.75
2025-12-03,1380,263.7000000000007,4.2,7.7,12.6,10.35,9.45
2025-12-04,1380,243.70000000000073,4.7,9.2,14.0,13.9,31.85
2025-12-05,1020,288.2000000000007,5.2,8.2,13.7,10.75,32.1
2025-12-07,360,103.0,3.0,5.0,9.2,19.0,
2025-12-08,1380,296.0,4.6,7.0,13.5,19.65,32.45
2025-12-09,1380,175.79999999999927,4.0,8.0,8.6,14.2,10.0
2025-12-10,1380,487.7999999999993,7.2,10.2,20.5,23.25,37.15
2025-12-11,1380,471.2999999999993,6.3,12.8,23.3,26.95,38.35
2025-12-12,1020,586.2000000000007,8.3,13.5,18.8,35.15,45.25
2025-12-14,360,151.70000000000073,5.0,7.7,17.0,25.5,
2025-12-15,1380,564.5,7.4,15.0,17.8,34.95,47.7
2025-12-16,1380,370.7999999999993,9.0,19.7,26.0,26.65,82.5
2025-12-17,1380,620.7000000000007,9.3,9.3,16.8,25.45,13.15
2025-12-18,1380,458.7000000000007,7.5,11.0,19.7,22.6,40.1
2025-12-19,1020,333.40000000000146,7.6,11.7,11.7,21.75,14.05
2025-12-21,360,67.0,2.8,5.3,8.0,21.5,
2025-12-22,1380,166.79999999999927,3.5,5.2,9.0,12.3,13.8
2025-12-23,1379,218.79999999999927,3.4,6.0,7.6,14.9,12.45
2025-12-24,793,114.5,2.4,3.55,2.9,7.4,
2025-12-25,359,51.70000000000073,2.0,4.5,8.7,16.4,
2025-12-26,1018,101.0,3.0,6.0,6.3,13.9,13.1
2025-12-28,360,72.79999999999927,2.6,5.4,7.0,11.2,
2025-12-29,1380,208.0,4.2,7.5,11.0,16.95,15.6
2025-12-30,1380,205.79999999999927,4.0,7.2,11.7,18.65,22.6
2025-12-31,1020,287.7999999999993,4.8,10.0,16.2,26.25,22.95
2026-01-01,360,189.70000000000073,5.0,11.0,14.0,30.0,
2026-01-02,1020,538.5999999999985,7.0,11.2,15.0,14.7,40.0
2026-01-04,360,85.29999999999927,5.0,6.5,6.8,8.3,
2026-01-05,1379,253.0,5.0,10.8,17.0,21.5,23.7
2026-01-06,1380,317.2999999999993,4.0,6.3,10.0,13.5,6.1
2026-01-07,1380,269.2000000000007,4.5,6.8,10.0,16.15,30.4
2026-01-08,1380,249.0,6.2,9.8,19.0,21.8,31.75
2026-01-09,1020,370.0,6.2,10.3,16.0,14.5,19.4
2026-01-11,360,249.79999999999927,5.0,13.2,15.6,20.8,
2026-01-12,1380,387.7000000000007,5.0,9.3,12.6,15.3,16.65
2026-01-13,1380,242.29999999999927,5.7,9.6,15.0,17.05,26.25
2026-01-14,1380,462.40000000000146,7.6,12.0,16.8,24.5,45.15
2026-01-15,1380,376.2999999999993,6.5,9.2,12.0,22.95,26.35
2026-01-16,1020,299.5,6.0,9.2,14.0,18.35,22.15
2026-01-18,360,109.0,7.8,8.2,9.2,10.0,
2026-01-19,1140,203.29999999999927,7.5,14.8,24.6,19.35,
2026-01-20,1380,334.59999999999854,9.5,13.4,25.3,52.85,28.85
2026-01-21,1380,628.5,7.0,12.2,22.0,38.05,70.4
2026-01-22,1380,256.0,6.5,12.0,22.0,28.7,28.65
2026-01-23,1020,305.59999999999854,7.5,13.5,25.0,33.0,43.05
2026-01-25,360,303.59999999999854,6.0,20.5,26.5,35.2,
2026-01-26,1380,420.7999999999993,4.8,8.2,16.8,25.5,20.75
2026-01-27,1380,311.0,4.0,8.4,10.0,22.2,7.5
2026-01-28,1380,355.7999999999993,7.0,14.2,18.7,32.35,18.1
2026-01-29,1380,744.5,8.0,20.2,20.8,25.25,58.8
2026-01-30,1020,371.2000000000007,13.8,21.3,35.8,59.8,55.7
2026-02-01,360,429.59999999999854,16.0,27.4,57.7,79.7,
2026-02-02,1380,810.5999999999985,8.5,17.6,23.0,49.1,21.9
2026-02-03,1380,808.7999999999993,9.0,13.6,13.0,21.55,64.05
2026-02-04,1380,730.7000000000007,13.7,20.6,33.2,43.6,64.7
2026-02-05,1380,884.0,16.3,27.0,35.6,40.55,37.05
2026-02-06,1020,791.2000000000007,12.5,21.0,30.7,45.6,34.0
2026-02-08,360,192.70000000000073,8.7,12.0,16.6,36.4,
2026-02-09,1380,473.2999999999993,8.8,15.7,20.8,24.5,38.9
2026-02-10,1380,249.0,7.3,11.5,16.2,18.15,19.9
2026-02-11,1380,407.0,9.7,15.8,26.0,28.3,34.3
2026-02-12,1380,710.0,8.2,16.5,20.5,30.9,57.85
2026-02-13,1020,416.7000000000007,15.8,21.3,34.0,43.3,34.3
2026-02-15,359,118.0,5.5,11.5,10.8,3.8,
2026-02-16,1139,349.0,8.0,10.4,15.0,27.4,
2026-02-17,1380,440.59999999999854,10.5,17.8,16.7,33.2,63.6
2026-02-18,1380,376.2000000000007,7.3,13.5,15.5,25.0,41.4
2026-02-19,1380,305.0,7.2,12.0,15.7,33.45,18.35
2026-02-20,1020,461.0,9.2,16.0,37.3,43.7,101.8
2026-02-22,360,251.79999999999927,8.0,10.5,11.5,12.5,
2026-02-23,1380,372.0,7.6,11.0,19.4,26.5,27.95
2026-02-24,1380,420.0,8.2,11.5,19.3,24.75,29.4
2026-02-25,1380,477.2999999999993,5.2,8.0,12.0,16.15,13.3
2026-02-26,1380,553.4000000000015,7.2,12.0,16.5,18.9,47.7
2026-02-27,1020,316.7999999999993,10.8,16.0,17.0,25.15,13.85
2026-03-01,360,265.7000000000007,11.0,15.3,27.5,37.5,
2026-03-02,1380,624.0,11.2,18.2,28.5,52.3,46.5
2026-03-03,1380,498.0,15.7,22.8,36.2,53.65,55.75
2026-03-04,1380,751.0,10.8,22.0,31.0,42.0,25.5
2026-03-05,1380,437.2999999999993,11.3,19.7,33.7,29.85,99.75
2026-03-06,1020,540.5,11.7,19.3,25.2,31.6,50.15
2026-03-08,360,473.0,13.8,16.0,45.7,84.8,
2026-03-09,1380,971.7999999999993,14.8,25.4,31.5,53.95,44.75
2026-03-10,1380,354.2999999999993,10.2,16.7,29.0,27.0,46.3
2026-03-11,1380,484.5,10.0,19.5,27.8,58.35,49.0
2026-03-12,1380,436.7999999999993,10.7,17.7,18.5,39.9,18.9
2026-03-13,1020,471.40000000000146,11.4,22.6,25.0,49.25,50.0
2026-03-15,360,476.7999999999993,8.0,18.4,24.7,48.5,
2026-03-16,1380,531.2000000000007,8.2,15.0,17.4,33.85,36.6
2026-03-17,1380,416.0,6.6,11.6,17.4,21.1,24.35
2026-03-18,1380,648.2999999999993,7.0,15.4,24.0,31.0,35.1
2026-03-19,1380,364.7000000000007,13.0,15.5,19.0,24.4,33.3
2026-03-20,1020,651.2999999999993,12.3,24.2,32.2,41.15,35.35
2026-03-22,360,205.0,12.0,26.7,30.0,61.2,
2026-03-23,1380,990.5,15.0,25.2,36.8,44.15,28.85
2026-03-24,1380,416.0,12.3,20.2,31.7,37.65,34.55
2026-03-25,1380,292.0,8.6,20.3,33.0,39.45,29.4
2026-03-26,1380,621.7999999999993,8.8,16.0,27.7,55.95,35.5
2026-03-27,1020,743.5,11.5,18.0,27.8,38.9,29.55
2026-03-29,360,213.5,8.5,21.3,40.8,47.5,
2026-03-30,1380,612.5,10.0,16.3,28.0,35.35,51.6
2026-03-31,1380,813.2000000000007,11.7,17.7,21.0,40.4,45.3
2026-04-01,1380,533.2000000000007,9.4,17.0,30.4,42.75,51.25
2026-04-02,1379,600.7999999999993,7.5,13.4,26.5,30.9,51.6
2026-04-03,550,139.20000000000073,4.2,7.95,9.05,10.5,
2026-04-05,360,345.2999999999993,9.2,17.0,39.4,44.3,
2026-04-06,1380,299.2000000000007,7.8,13.7,16.6,32.2,28.3
2026-04-07,1380,1177.2999999999993,11.2,20.0,33.0,63.6,60.15
2026-04-08,1380,330.5,7.7,13.0,24.4,26.4,42.55
2026-04-09,1380,350.7999999999993,6.2,13.0,14.4,21.9,33.75
2026-04-10,1020,190.20000000000073,6.4,13.8,15.8,14.6,19.0
2026-04-12,360,189.29999999999927,7.0,13.0,17.2,16.0,
2026-04-13,1380,569.7000000000007,6.2,10.0,12.6,18.25,21.25
2026-04-14,1380,478.0,5.0,7.3,12.0,31.75,34.8
2026-04-15,1380,531.4000000000015,5.8,9.0,15.2,24.85,34.8
2026-04-16,1380,288.5,5.2,7.4,9.5,15.95,54.8
2026-04-17,1020,444.7999999999993,6.2,14.0,14.2,27.8,21.6
2026-04-19,360,179.79999999999927,5.2,6.6,11.7,25.3,
2026-04-20,1380,269.7000000000007,5.4,10.2,14.8,24.8,18.85
2026-04-21,1379,350.0,6.0,11.2,13.8,25.85,36.65
2026-04-22,1380,370.5,7.0,13.0,18.0,23.6,30.25
2026-04-23,1380,474.0,7.4,13.7,22.0,35.25,44.9
2026-04-24,1020,446.2999999999993,8.3,16.2,18.7,26.95,31.35
2026-04-26,360,198.29999999999927,4.7,11.6,21.0,11.7,
2026-04-27,1380,241.5,6.2,9.0,15.3,23.4,18.85
2026-04-28,1380,430.0,7.5,13.8,25.0,38.05,23.4
2026-04-29,1380,528.7999999999993,9.6,14.7,19.5,34.45,40.8
2026-04-30,1380,511.2999999999993,8.8,19.5,27.0,32.0,30.25
2026-05-01,1020,380.7999999999993,6.7,11.8,21.0,16.9,33.75
2026-05-03,360,144.79999999999927,6.4,19.4,26.4,28.2,
2026-05-04,1380,352.7999999999993,6.7,13.5,17.4,19.9,19.45
2026-05-05,1380,603.7999999999993,6.6,9.3,18.7,22.0,17.0
2026-05-06,1380,500.0,8.0,12.0,26.0,33.35,36.8
2026-05-07,1380,403.7999999999993,8.0,14.0,25.0,30.15,45.85
2026-05-08,1020,628.5999999999985,8.2,15.3,21.0,27.75,32.35
2026-05-10,360,174.0,9.6,16.8,30.0,19.8,
2026-05-11,1380,253.0,9.0,13.2,20.3,28.0,27.4
2026-05-12,1380,595.5,10.0,19.0,25.6,43.8,51.4
2026-05-13,1380,618.0,9.3,15.0,31.3,32.35,44.25
2026-05-14,1380,333.7999999999993,10.2,16.8,18.6,30.9,32.5
2026-05-15,1020,473.7000000000007,18.5,24.4,63.7,105.6,62.95
2026-05-17,360,357.7999999999993,17.8,31.5,33.5,37.7,
2026-05-18,1380,605.0,16.3,29.8,36.2,69.8,57.35
2026-05-19,1380,463.5,15.3,26.0,31.6,58.0,51.6
2026-05-20,1380,527.0,10.7,19.0,23.5,49.85,25.1
2026-05-21,1380,476.5,10.8,18.0,33.7,48.3,68.85
2026-05-22,1020,313.0,10.5,18.0,27.7,33.4,32.15
2026-05-24,360,311.7999999999993,7.4,10.0,22.5,48.8,
2026-05-25,1140,224.79999999999927,5.8,8.7,7.5,10.2,
2026-05-26,1380,415.2000000000007,8.7,12.2,20.8,22.8,56.85
2026-05-27,1380,583.2000000000007,9.3,20.5,26.0,41.85,32.75
2026-05-28,1380,599.0,8.8,13.0,20.2,35.1,30.5
2026-05-29,1020,276.0,8.5,16.4,21.7,28.8,70.9
2026-05-31,360,234.0,6.7,8.8,14.5,26.5,
2026-06-01,1380,401.5,8.0,17.3,22.4,42.95,27.15
2026-06-02,1380,405.7000000000007,7.7,15.0,19.3,26.4,26.4
2026-06-03,1380,455.2999999999993,10.5,17.6,32.7,24.85,40.85
2026-06-04,1380,551.0,12.2,21.7,31.3,46.6,36.25
2026-06-05,1020,1477.7999999999993,14.7,28.0,40.8,59.9,78.1
2026-06-07,360,465.2999999999993,21.2,33.2,69.2,97.7,
2026-06-08,1380,770.2000000000007,14.7,27.2,39.0,68.5,69.25
2026-06-09,1380,1620.4000000000015,17.3,27.7,29.0,52.1,151.5
2026-06-10,1380,984.2000000000007,23.6,34.2,54.8,85.45,84.9
2026-06-11,1380,1068.0,15.0,24.3,37.2,61.15,130.0
2026-06-12,1020,530.0,17.8,36.2,53.3,66.85,48.95
2026-06-14,360,328.5,7.5,16.0,25.0,32.8,
2026-06-15,1140,445.0,8.7,20.0,19.8,28.15,34.3
